	Episesarma_versicolor1	Episesarma_versicolor2	Episesarma_versicolor3	Parasesarma_affine	Parasesarma_continentale	Orisarma_dehaani1	Orisarma_dehaani2	Orisarma_dehaani3	Orisarma_intermedium	Orisarma_sinense	Clistocoeloma_villosum	Fasciarma_fasciatum	Macrophthalmus_definitus1	Macrophthalmus_definitus2	Macrophthalmus_definitus3	Mictyris_brevidactylus	Metaplax_longipes1	Metaplax_longipes2	Metaplax_longipes3	Metaplax_tredecim1	Metaplax_tredecim2	Metaplax_tredecim3	Metaplax_tredecim4	Gelasimus_borealis1	Gelasimus_borealis2	Gelasimus_borealis3	Tubuca_arcuata1	Tubuca_arcuata2	Paraleptuca_splendida1	Paraleptuca_splendida2	Ocypode_ceratophthalmus	Hemigrapsus_penicillatus	Metopograpsus_frontalis1	Metopograpsus_frontalis2	Metopograpsus_frontalis3	Etisus_laevimanus	Leptodius_affinis	Thalamita_danae1	Thalamita_danae2	Scylla_paramamosain	Epixanthus_frontalis1	Epixanthus_frontalis2	Epixanthus_frontalis3
[Frankia] sp. (no class in NCBI)	1	1	0	0	0	14	4	16	0	0	0	0	0	0	0	0	0	0	0	0	0	0	0	0	0	0	0	0	0	0	0	0	0	4	0	0	0	0	0	0	0	0	0
[Leptolyngbya] sp. (no class in NCBI)	0	0	0	5	0	4	0	2	0	0	0	0	19	1	17	0	0	0	0	6	0	8	0	14	18	16	26	0	319	2875	0	0	33	10	65	252	0	26	0	0	0	0	0
[Streptomyces] sp. (no class in NCBI)	83	78	7	8	0	69	158	69	0	148	144	38	0	0	0	47	0	8	0	0	0	0	0	0	0	0	46	0	78	2	0	8	4	2	0	30	0	0	4	0	0	0	12
Abditibacteria	0	16	2	0	0	12	8	20	0	0	0	0	0	0	0	0	100	86	208	0	0	0	0	0	0	0	2	0	0	0	0	0	0	0	0	0	0	0	0	0	0	0	0
Acidimicrobiia	11920	971458	34423	17532	5451	3964	8707	1933	99	1295	289	7723	28167	20477	10723	40739	465	25848	310	4137	2163	13244	7555	80200	54211	32669	159788	5394	186291	310086	90	17808	36103	49690	112632	258550	117	983	9447	0	535668	54549	20683
Acidithiobacillia	19	351	31	14	3	16	0	2	0	0	0	117	356	291	111	856	2	1083	56	41	30	69	53	178	154	72	580	19	0	68	0	2	292	99	89	748	9	0	0	0	10	0	44
Acidobacteria bacterium (no class in NCBI)	38	1936	158	514	96	167	403	143	0	122	39	1355	1693	1507	1125	915	56	1126	127	81	88	419	159	611	510	418	16872	206	635	469	6	207	1107	952	328	1632	14	8	40	0	16	111	699
Acidobacteriia	76	2340	116	150	4	24	53	26	4	101	0	513	121	86	42	124	16	680	29	1	42	62	24	166	121	86	2181	52	586	526	6	12	204	148	133	607	8	4	0	0	65	66	305
Actinomycetia	60470	6349893	270778	99367	26770	1189907	1765239	568066	9394	3372650	231213	565205	68067	37061	24166	103791	2944	44041	3304	16527	7453	57591	53123	101916	83800	48933	2308682	33110	204231	274652	2236	15960	43241	173267	108234	149228	2423	4446	80320	984	107603	21302	36734
Alphaproteobacteria	324442	7464474	909651	536429	195531	693656	429213	108977	69492	2216463	46407	1281345	383271	270637	144345	736712	115328	497690	153391	131916	195401	468159	250046	1397605	1028993	611440	2085257	180600	621401	1383525	167107	412190	1353864	1100697	1644966	6557712	20435	163597	97360	6202	4482292	1161510	778538
Anaerolineae	1626	139424	3042	844	535	767	401	576	99	252	142	190	7049	8515	3346	6889	48	2140	593	506	337	2592	888	1878	1466	851	46549	2068	5868	5035	8	148	1598	2628	1996	5232	1738	266	422	18	50524	2946	15743
Aquificae	255890	47936	219086	112528	23130	139388	201535	122207	304054	194566	472495	703514	218839	168002	259159	630103	270503	524199	365614	869564	843117	663895	802017	413073	420359	434077	96254	131477	163083	94810	345862	758161	441941	523880	658842	342095	701218	159893	191732	1530	537869	598118	524533
Ardenticatenia	10	2235	82	20	22	32	8	30	0	0	20	32	120	128	44	481	0	16	0	8	28	114	38	171	203	93	2687	249	879	561	18	72	225	238	182	391	166	8	0	0	124	32	753
Armatimonadetes bacterium (no class in NCBI)	6	346	7	15	6	0	2	2	0	0	0	6	26	33	10	75	0	0	0	4	4	2	18	33	21	14	138	4	52	63	0	8	19	60	41	148	0	0	0	0	14	0	8
Armatimonadia	0	38	4	28	11	32	33	21	0	10	0	24	35	29	16	85	0	4	16	4	7	12	3	84	66	37	170	4	0	37	0	0	65	30	42	117	0	0	0	0	19	0	34
Bacilli	37672	32687	31928	56361	578	110061	57395	436873	25942	66534	49382	59897	16976	14665	17900	62132	57297	120345	78458	81356	71658	76730	85440	33485	31118	24444	31978	18764	6654	33473	132099	93779	36258	40098	47177	75958	14264	4486	38919	60297	118221	40803	191403
Bacteriodetes bacterium (no class in NCBI)	0	0	0	14	0	0	0	0	0	0	0	0	0	0	0	0	0	0	0	0	0	0	0	0	0	0	4	0	0	0	0	0	0	0	0	0	0	0	0	0	0	0	0
bacterium 336/3 (no class in NCBI)	0	0	0	0	0	0	0	0	0	0	0	0	0	0	0	0	0	0	0	0	0	0	0	4	4	0	0	0	0	4	0	0	0	0	0	0	0	0	0	0	0	0	0
bacterium ADurb.Bin425 (no class in NCBI)	0	0	0	0	0	6	0	0	0	15	0	0	0	0	0	0	0	0	0	0	0	0	0	0	0	0	0	0	0	0	0	0	0	0	0	0	0	0	0	0	0	0	0
bacterium ADurb.Bin429 (no class in NCBI)	0	0	0	0	0	4	4	0	0	0	0	0	0	0	0	0	0	0	0	0	0	0	0	0	0	0	12	0	0	0	0	0	0	0	0	0	0	0	0	0	0	0	0
bacterium ADurb.Bin431 (no class in NCBI)	0	0	0	0	0	0	0	0	0	0	0	0	0	0	0	6	0	0	0	0	0	0	0	0	0	0	0	0	0	0	0	0	0	0	0	0	0	0	0	0	0	0	0
bacterium ADurb.BinA028 (no class in NCBI)	0	0	0	0	0	33	28	12	0	0	0	0	0	0	0	0	0	0	0	0	0	0	0	0	0	0	0	0	0	0	0	0	0	0	0	0	0	0	0	0	0	0	0
bacterium AH-315-E10 (no class in NCBI)	0	0	0	0	0	0	0	0	0	0	0	0	0	0	0	24	0	0	0	0	0	0	0	0	0	0	0	0	0	0	0	0	0	0	0	0	0	0	0	0	0	0	0
bacterium AH-315-K03 (no class in NCBI)	0	0	0	0	0	0	0	0	0	0	0	0	0	0	0	0	0	0	0	0	0	0	0	0	0	0	0	0	0	0	0	0	8	3	0	0	0	0	0	0	0	0	0
bacterium AMD01 (no class in NCBI)	0	0	0	0	0	0	0	0	0	10	0	0	0	0	0	0	0	0	0	0	0	0	0	0	0	0	0	0	0	0	0	0	0	0	0	0	0	0	0	0	0	0	0
bacterium AMD02 (no class in NCBI)	0	0	0	0	0	34	7	2	0	0	0	0	0	0	0	0	0	0	0	0	0	0	0	0	0	0	0	0	0	0	0	0	0	0	0	0	0	0	0	0	0	0	0
bacterium BFN5 (no class in NCBI)	0	66	0	0	0	0	0	0	0	0	0	0	0	0	0	0	0	0	0	0	0	0	0	0	0	0	6	0	0	0	0	0	0	0	0	0	0	0	0	0	0	0	0
bacterium BMS3Abin11 (no class in NCBI)	0	3	2	0	0	0	0	0	0	0	0	0	0	0	0	0	0	0	0	0	0	0	0	0	0	0	0	0	0	0	0	0	0	0	0	0	0	0	0	0	0	0	0
bacterium BMS3Bbin10 (no class in NCBI)	0	0	0	0	0	0	0	0	0	0	0	0	0	0	0	0	0	0	0	0	0	0	0	0	0	0	0	0	0	0	0	0	0	0	0	0	0	0	0	0	99	0	0
bacterium BMS3Bbin11 (no class in NCBI)	0	16	2	0	0	0	0	0	0	0	0	0	0	0	0	0	0	0	0	0	0	0	0	0	0	0	0	0	0	0	0	0	0	0	0	0	0	0	0	0	0	0	0
bacterium endosymbiont of Escarpia laminata (no class in NCBI)	0	0	0	0	0	0	0	0	0	0	0	0	0	0	0	0	0	0	0	0	0	0	0	0	0	0	0	0	0	0	0	0	0	0	0	119	0	0	0	0	0	0	0
bacterium HR12 (no class in NCBI)	0	0	0	0	0	0	0	0	0	0	0	0	0	0	0	0	0	0	0	0	0	0	0	0	0	0	16	0	0	0	0	0	44	23	31	0	0	0	0	0	0	0	0
bacterium HR29 (no class in NCBI)	0	0	0	0	0	0	0	0	0	0	0	0	0	0	0	0	0	0	0	0	0	0	0	1	2	2	0	0	0	0	0	0	0	0	0	0	0	0	0	0	0	0	0
bacterium HR39 (no class in NCBI)	0	0	0	0	0	0	0	0	0	0	0	6	0	0	0	0	0	0	0	0	0	0	0	0	0	0	0	0	0	0	0	0	0	0	0	0	0	0	0	0	0	0	0
bacterium J17 (no class in NCBI)	0	0	0	0	0	0	0	0	0	0	0	0	0	0	0	0	0	0	0	0	0	0	0	0	0	0	0	0	0	0	0	0	0	0	0	0	0	0	0	0	0	0	12
bacterium JGI (no class in NCBI)	0	0	0	0	0	42	0	0	0	0	0	0	0	0	0	0	0	0	0	0	0	0	0	0	0	0	0	0	0	0	0	0	0	0	0	0	0	0	0	0	0	0	0
bacterium M21 (no class in NCBI)	0	0	0	0	0	0	0	0	0	0	0	0	0	0	0	0	0	0	0	0	0	0	0	0	0	0	0	0	0	0	0	0	0	0	0	0	0	10	0	0	0	0	0
bacterium MnTg02 (no class in NCBI)	0	0	0	0	0	0	0	0	0	0	0	0	0	0	0	0	0	0	0	0	0	0	0	0	0	0	6	2	0	0	0	0	0	0	0	44	0	0	0	0	0	0	0
bacterium MnTg03 (no class in NCBI)	0	0	0	0	0	0	0	0	0	0	0	0	0	0	0	0	0	0	0	0	0	0	0	28	55	17	0	0	0	0	0	0	0	0	0	0	0	0	0	0	0	0	0
bacterium NHP-B (no class in NCBI)	0	0	0	0	0	0	0	0	0	0	0	0	0	0	0	0	16	61	37	0	0	0	0	0	0	0	0	0	0	0	0	0	0	5	8	0	0	0	0	0	0	0	0
bacterium SCGC (no class in NCBI)	0	0	0	4	0	0	0	0	0	0	0	0	0	0	0	0	0	0	0	0	0	0	0	0	0	0	0	0	0	0	0	0	0	0	0	0	0	0	0	0	0	0	0
bacterium symbiont of Theonella swinhoei pTSMAC1 (no class in NCBI)	0	0	0	0	0	0	0	0	0	0	0	8	0	0	0	0	0	0	0	0	0	0	0	0	0	0	0	0	0	0	0	0	0	0	0	0	0	0	0	0	0	0	0
bacterium TMED277 (no class in NCBI)	0	0	0	0	0	0	0	0	0	0	0	0	0	0	0	10	0	0	0	0	0	0	0	4	0	2	0	0	0	19	0	6	8	4	0	10	0	0	0	0	0	0	0
bacterium TMED88 (no class in NCBI)	0	0	0	0	0	4	2	0	0	0	0	0	0	0	0	0	0	0	0	0	4	4	0	0	0	0	0	0	0	0	0	6	63	2	0	23	0	0	0	0	0	0	0
Bacteroidetes bacterium (no class in NCBI)	134	1139	235	186	169	43	8	4	192	35	0	357	3066	3830	1561	1798	10	51	84	602	1466	2713	484	13788	10178	5505	255	37	54	890	132	407	7844	1949	1889	2325	163	1156	22	76	322	276	352
Bacteroidetes Order II. Incertae sedis (no class in NCBI)	6	213	18	15	0	8	6	0	11	0	0	20	15	17	4	36	0	4	0	8	79	11	67	72	47	55	76	10	16	60	0	18	107	42	64	261	0	9	0	0	41	8714	5504
Bacteroidia	330022	3272232	561828	798402	940	178663	376	5344	85168	2565	32783	269991	1643	1921	649	19256	53824	183715	605345	93098	50134	252271	198371	68498	52787	3198	168442	84072	1353	7890	2632	22460	11977	4045	8248	6418	1317	2194	719	43151	5866542	3702679	6337202
Balneolia	24	902	65	122	22	21	4	2	10	10	6	30	121	150	44	315	2	114	215	38	32	185	82	258	163	100	475	31	0	114	82	44	1026	254	127	579	38	93	34	0	42	4290	125
Bathymodiolus brooksi thiotrophic gill symbiont (no class in NCBI)	0	0	0	0	0	0	0	0	0	0	0	0	0	0	0	0	0	0	0	0	0	0	0	0	0	0	0	0	0	0	0	0	0	0	0	0	0	17	0	0	0	0	0
Betaproteobacteria	5060	61474	5025	30085	1207	129814	13025	6597	1450	124538	1203	116459	14353	17280	7807	23249	1950	257027	10136	2038	2744	6201	3668	21514	16507	10505	1315057	14413	7447	11925	2729	3588	26403	12560	14945	86690	1379	1785	3779	65	13139	5308	16518
Blastocatellia	2	392	13	212	0	133	91	99	0	9	8	109	77	64	18	352	2	48	22	0	3	32	5	128	63	60	567	4	0	182	0	8	125	96	30	282	23	22	49	0	11691	33	160
Caldilineae	255	2766	437	90	8	62	23	38	0	47	0	14	205	185	77	1404	0	46	1	17	176	100	28	421	323	222	3621	57	876	985	0	8	119	220	454	481	417	0	6	0	38	8	305
Caldisericia	0	6	0	0	0	0	0	0	0	0	0	0	6	2	0	0	0	0	0	0	0	0	0	0	0	0	12	0	0	0	0	0	0	0	0	0	0	0	0	0	0	0	0
Calditrichae	55	154	20	49	12	16	0	0	0	0	10	19	52	98	12	164	22	54	92	4	13	93	47	116	69	39	110	8	12	46	0	0	120	91	55	569	0	0	0	0	0	58	123
Calditrichaeota bacterium (no class in NCBI)	0	14	6	8	0	0	0	0	0	0	0	0	0	5	0	0	0	0	0	0	0	0	0	0	0	0	10	0	0	0	0	0	0	0	0	0	0	0	0	0	0	0	0
candidate division (no class in NCBI)	34	443	28	6	2	3	7	0	38	4	0	0	22	30	10	26	2	51	8	0	2	6	6	145	144	117	152	0	40	12	0	0	78	16	2	202	0	0	18	0	0	20	30
Candidatus Abyssubacteria bacterium (no class in NCBI)	0	0	0	0	0	0	0	0	0	0	0	0	0	0	0	0	0	0	0	0	0	0	0	2	6	2	8	0	0	0	0	0	0	0	0	0	0	0	0	0	0	0	0
Candidatus Acetothermia bacterium (no class in NCBI)	0	0	0	0	0	0	0	0	0	0	0	0	0	0	0	0	0	0	0	0	0	0	0	0	0	0	12	2	0	0	0	0	0	0	0	0	0	0	0	0	0	0	0
Candidatus Adamsella (no class in NCBI)	0	74	1	0	0	0	0	0	0	0	0	0	0	0	0	0	0	0	0	0	0	0	0	0	0	0	0	0	6	14	0	0	0	0	0	0	0	0	0	0	0	0	0
Candidatus Aegiribacteria (no class in NCBI)	0	25	12	0	0	0	0	0	0	0	0	0	0	0	0	0	0	0	0	0	0	0	0	0	0	0	0	0	0	0	0	0	0	0	0	0	0	0	0	0	0	0	0
Candidatus Aerophobetes bacterium (no class in NCBI)	0	0	0	0	0	0	0	0	0	0	0	0	0	0	0	0	0	0	0	0	0	0	0	0	0	0	14	0	0	8	0	0	0	0	0	0	0	0	0	0	0	0	0
Candidatus Aminicenantes bacterium (no class in NCBI)	4	88	4	6	0	0	0	0	0	0	0	0	0	4	0	0	0	45	8	0	0	0	0	51	70	49	299	0	0	0	0	0	10	3	7	16	0	0	0	0	0	0	0
Candidatus Atribacteria bacterium (no class in NCBI)	0	28	0	0	0	0	0	0	0	0	0	0	0	0	0	0	0	0	0	0	0	0	0	0	0	0	0	0	0	0	0	0	0	0	0	0	0	0	0	0	0	0	0
Candidatus Babeliae	0	0	0	34	0	0	0	0	0	0	0	8	0	0	0	0	0	0	0	0	0	0	0	0	4	3	4	2	0	4	0	0	12	0	0	0	0	0	0	0	0	0	0
Candidatus Beckwithbacteria bacterium (no class in NCBI)	0	6	10	0	0	0	0	0	0	0	0	0	0	0	0	0	0	0	0	0	0	0	0	0	0	0	0	0	0	0	0	0	0	0	0	0	0	0	0	0	0	0	0
Candidatus Berkelbacteria bacterium (no class in NCBI)	0	0	0	0	0	0	0	0	0	0	0	0	0	0	0	0	0	0	0	0	0	0	0	0	0	0	0	0	20	2	0	0	0	0	0	0	0	0	0	0	0	0	0
Candidatus Binatia	0	0	0	0	0	0	0	0	0	0	0	12	0	0	0	0	0	0	0	0	0	0	0	0	0	0	43	0	0	0	0	0	0	0	0	0	0	0	0	0	0	0	0
Candidatus Brocadiae	4	582	60	43	0	39	7	0	0	16	0	24	103	95	29	214	2	20	2	2	6	101	10	313	215	212	390	0	10	141	0	0	211	108	167	1779	18	20	22	0	7	14	192
Candidatus Caenarcaniphilales (no class in NCBI)	0	0	0	0	0	0	0	0	0	0	0	0	0	0	0	0	0	0	0	0	0	0	0	0	0	0	0	0	0	0	0	0	40	0	0	0	0	0	0	0	0	0	0
Candidatus Caldatribacterium (no class in NCBI)	0	4	4	0	0	0	0	0	0	0	0	0	4	4	0	0	0	0	0	0	0	0	0	0	0	0	16	0	0	0	0	0	0	0	0	0	0	0	0	0	0	0	0
Candidatus Campbellbacteria bacterium (no class in NCBI)	0	0	0	6	0	0	0	0	0	0	0	0	0	0	0	0	0	0	0	0	0	0	0	6	13	6	0	0	0	47	0	0	0	0	0	0	0	0	0	0	119	220	0
Candidatus Chazhemtobacteraceae (no class in NCBI)	0	0	0	0	0	0	0	0	0	0	0	0	0	0	0	6	0	0	0	0	0	4	2	0	0	0	0	0	0	0	0	0	0	0	0	0	0	0	0	0	0	0	0
Candidatus Cloacimonetes bacterium (no class in NCBI)	0	4	1	0	0	10	8	4	0	0	0	0	0	0	0	0	0	0	0	0	0	0	0	0	0	0	0	0	0	0	0	0	0	0	0	0	0	0	0	0	0	0	0
Candidatus Curtissbacteria bacterium (no class in NCBI)	0	15	0	0	0	0	0	0	0	0	0	0	0	0	0	0	0	0	0	0	0	0	0	0	0	0	0	0	0	0	0	0	0	0	0	0	0	0	0	0	0	0	0
Candidatus Dadabacteria bacterium (no class in NCBI)	21	228	29	100	6	0	0	0	0	26	0	8	0	0	0	599	0	32	6	5	0	12	6	0	0	0	773	11	0	27	0	0	567	33	891	82	78	19	0	0	57	40	302
Candidatus Daviesbacteria bacterium (no class in NCBI)	0	0	0	0	0	0	0	0	0	0	0	0	0	0	0	0	0	0	0	0	0	0	0	0	0	0	0	0	0	0	0	0	0	0	0	0	0	0	0	0	0	0	0
Candidatus Delongbacteria bacterium (no class in NCBI)	4	38	2	0	0	0	0	0	0	0	0	0	0	0	0	0	0	0	0	0	0	0	0	0	0	0	0	0	0	0	0	0	0	0	0	0	0	0	0	0	0	0	16
Candidatus Dependentiae bacterium (no class in NCBI)	0	0	0	16	0	249	12	8	0	120	0	0	0	0	0	0	0	0	0	0	0	0	0	0	0	0	8	0	0	0	0	0	0	0	0	0	0	0	0	0	0	0	0
Candidatus Desantisbacteria bacterium (no class in NCBI)	0	0	0	0	0	0	0	0	0	0	0	0	0	0	0	0	0	0	0	0	0	0	0	0	0	0	0	0	0	0	0	0	6	2	0	0	0	0	0	0	0	0	0
Candidatus Dojkabacteria bacterium (no class in NCBI)	2	6	0	0	0	0	0	0	0	0	0	14	0	0	0	0	0	0	0	0	0	0	0	0	0	0	17	0	0	0	0	0	4	0	0	0	0	0	0	0	0	0	0
Candidatus Dormibacter (no class in NCBI)	0	17	0	0	0	0	9	0	0	0	0	0	0	0	0	0	0	0	0	0	0	0	0	0	0	0	0	0	0	12	0	0	0	0	0	2	0	0	0	0	0	0	0
Candidatus Dormibacteraeota bacterium (no class in NCBI)	0	6	0	0	0	0	36	0	0	0	0	0	0	0	0	0	0	0	0	0	0	0	0	0	0	0	374	11	0	0	0	0	0	0	0	0	0	0	0	0	0	0	0
Candidatus Doudnabacteria bacterium (no class in NCBI)	0	8	0	0	0	0	0	0	0	0	0	0	0	0	0	0	0	0	0	0	0	0	0	0	0	0	0	0	0	0	0	0	0	0	0	0	0	0	0	0	0	0	0
Candidatus Eisenbacteria bacterium (no class in NCBI)	0	10	0	0	0	0	0	0	0	0	0	0	0	0	2	16	0	0	0	0	0	0	0	8	9	6	6	0	0	0	0	0	0	0	0	0	0	0	0	0	0	22	0
Candidatus Entotheonella (no class in NCBI)	11	800	56	84	52	14	277	12	0	0	12	2010	71	74	26	16	0	4	0	26	11	104	24	151	119	58	1457	97	430	347	0	18	142	124	148	1836	6	0	10	0	34	22	163
Candidatus Eremiobacteraeota bacterium (no class in NCBI)	0	0	0	0	0	0	0	14	0	0	0	0	0	0	0	0	0	0	0	0	0	0	0	0	0	0	0	0	0	0	0	0	0	0	0	0	0	0	0	0	0	0	0
Candidatus Falkowbacteria bacterium (no class in NCBI)	0	0	0	0	0	8	10	4	0	0	0	0	0	0	0	0	0	0	0	0	0	0	0	0	0	0	0	0	0	0	0	0	0	0	0	0	0	0	0	0	0	0	0
Candidatus Fermentibacteria (class)	0	0	0	0	0	0	0	0	0	0	0	16	0	0	0	0	0	0	0	0	0	0	0	0	0	0	0	0	0	0	0	0	0	0	0	0	0	0	0	0	0	0	0
Candidatus Fermentibacteria bacterium (no class in NCBI)	0	0	0	0	0	0	0	0	0	0	0	0	0	0	0	4	0	0	0	2	0	4	0	0	0	0	0	0	0	0	0	0	0	0	0	0	0	0	0	0	0	0	0
Candidatus Gastranaerophilales (no class in NCBI)	15	312	6	0	0	0	0	0	0	0	0	0	0	0	0	0	0	0	0	0	0	0	0	0	0	0	0	0	0	4	0	0	0	0	0	0	0	0	0	0	0	0	0
Candidatus Gracilibacteria bacterium (no class in NCBI)	0	0	0	4	0	0	0	0	0	0	0	0	0	0	0	0	0	0	0	0	0	8	0	47	327	36	0	0	0	32	0	0	0	0	0	0	0	6	0	0	636	471	0
Candidatus Hakubanella (no class in NCBI)	0	3	0	0	0	0	0	0	0	0	0	0	6	3	0	0	0	0	0	0	0	0	0	0	0	0	0	0	0	0	0	0	4	2	8	11	0	0	0	0	0	0	0
Candidatus Handelsmanbacteria bacterium (no class in NCBI)	0	0	0	0	0	0	0	0	0	0	0	0	0	0	0	0	0	0	0	0	0	0	0	0	0	0	0	0	0	0	0	0	0	0	0	20	0	0	0	0	0	0	0
Candidatus Hydrogenedens (no class in NCBI)	0	31	0	0	0	0	0	0	0	0	0	0	4	2	0	23	0	0	0	0	0	10	0	2	9	0	0	0	0	0	0	0	0	0	2	7	0	0	0	0	0	0	0
Candidatus Hydrogenedentes bacterium (no class in NCBI)	0	6	0	0	0	0	0	0	0	0	0	0	0	0	0	10	0	0	0	0	0	0	0	0	0	0	16	2	0	0	0	0	2	0	0	10	0	0	0	0	0	0	0
Candidatus Izimaplasma (no class in NCBI)	3	25	0	4	0	0	0	0	4	10	20	0	0	0	0	47	0	0	0	0	0	11	16	6	2	2	0	0	0	0	0	0	40	5	7	30	0	0	0	0	0	0	0
Candidatus Kaiserbacteria bacterium (no class in NCBI)	0	0	0	0	0	0	0	0	0	0	0	34	0	0	0	0	0	0	0	0	0	0	0	0	0	0	10	2	0	0	8	0	0	0	0	103	0	0	0	0	0	0	0
Candidatus Krumholzibacteria	2	88	6	0	0	0	0	0	0	0	0	0	10	28	0	6	0	84	4	0	0	6	0	66	53	48	220	53	0	0	0	4	9	10	4	34	0	0	0	0	0	16	0
Candidatus Krumholzibacteriota bacterium (no class in NCBI)	0	0	0	0	0	0	0	0	0	0	0	0	10	6	2	0	0	0	0	0	0	0	0	0	0	0	0	0	0	0	0	0	0	0	0	0	0	0	0	0	0	0	0
Candidatus Lambdaproteobacteria	0	0	0	0	0	0	0	0	0	0	0	0	0	0	0	0	0	8	2	0	8	0	4	0	0	0	0	0	0	2	0	0	16	0	0	20	0	0	0	0	0	0	0
Candidatus Latescibacteria bacterium (no class in NCBI)	0	0	0	29	0	0	0	0	0	0	0	0	1	2	0	104	0	0	0	0	0	0	0	3	0	4	0	0	0	0	0	0	4	0	0	28	0	0	0	0	0	0	0
Candidatus Levybacteria bacterium (no class in NCBI)	2	74	0	0	0	0	0	0	0	4	0	0	0	0	0	12	0	0	0	0	0	0	0	0	0	0	22	0	0	0	0	0	0	0	0	0	0	0	0	0	0	0	0
Candidatus Limnocylindria	0	0	0	0	0	0	0	0	0	15	0	0	0	0	0	6	0	0	0	0	0	0	0	0	0	0	0	0	0	0	0	0	0	0	0	0	0	0	0	0	0	0	0
Candidatus Magasanikbacteria bacterium (no class in NCBI)	0	0	0	0	0	0	0	0	20	0	0	0	0	0	0	0	0	0	0	0	0	0	0	0	0	0	0	0	0	0	0	0	0	0	0	0	0	0	0	0	0	0	0
Candidatus Marinamargulisbacteria	0	14	0	30	0	0	0	0	0	0	0	0	0	0	0	0	0	0	22	0	0	0	0	0	0	0	0	0	0	0	0	0	10	4	0	0	0	0	0	0	0	0	0
Candidatus Marinimicrobia bacterium (no class in NCBI)	0	16	20	0	0	0	0	0	0	0	0	0	2	4	2	0	0	0	0	0	0	0	0	17	11	4	0	0	0	0	0	0	6	2	2	0	0	0	0	0	0	0	0
Candidatus Melainabacteria bacterium (no class in NCBI)	18	879	5	0	0	4	0	0	0	0	0	26	0	0	0	0	0	0	0	0	0	0	0	0	0	0	0	0	0	0	0	0	0	0	0	0	0	0	0	0	0	0	0
Candidatus Methylomirabilis (no class in NCBI)	0	30	4	0	0	0	0	0	0	0	0	0	0	0	0	0	0	0	0	0	0	0	0	24	16	6	0	0	0	0	0	0	4	6	17	117	0	0	0	0	0	0	0
Candidatus Moduliflexus (no class in NCBI)	20	180	4	8	0	0	0	0	46	0	0	0	0	0	0	0	0	0	0	0	0	0	0	0	0	0	0	0	32	9	0	0	0	0	0	0	0	0	0	0	0	0	0
Candidatus Moranbacteria bacterium (no class in NCBI)	24	1347	10	2	0	0	0	0	0	0	0	0	0	0	0	73	0	0	0	0	0	0	0	0	0	0	21	0	0	0	0	0	0	0	0	0	0	0	0	0	0	0	0
Candidatus Muproteobacteria	0	0	0	0	0	0	0	0	0	0	0	0	0	0	0	0	2	62	9	0	0	0	0	10	5	4	62	0	0	12	0	0	0	0	0	390	0	0	0	0	0	0	0
Candidatus Nanosyncoccalia	0	0	0	0	0	13	0	5	0	0	0	0	0	0	0	0	0	0	0	0	0	0	0	0	0	0	0	0	0	0	0	0	0	0	0	0	0	0	0	0	0	0	0
Candidatus Nealsonbacteria bacterium (no class in NCBI)	6	129	2	10	0	0	0	0	0	0	0	0	28	10	2	89	0	22	2	2	0	0	2	30	17	23	107	0	0	0	0	0	10	24	8	46	0	0	0	0	0	0	0
Candidatus Niyogibacteria bacterium (no class in NCBI)	0	0	0	0	0	0	0	0	0	0	0	0	0	0	0	0	0	0	0	0	0	0	0	0	0	0	2	0	0	0	0	0	0	0	0	0	0	0	0	0	0	0	0
Candidatus Obscuribacterales (no class in NCBI)	0	29	0	0	0	22	0	10	0	0	4	28	0	0	0	0	0	8	2	0	4	2	4	0	0	0	71	0	0	0	0	0	0	0	0	0	0	0	0	0	0	0	0
Candidatus Omnitrophica bacterium (no class in NCBI)	0	4	0	0	0	0	0	0	0	0	0	0	0	0	0	0	0	0	0	0	0	0	0	2	2	2	12	0	0	0	0	0	4	2	0	46	0	0	0	0	0	0	0
Candidatus Omnitrophus (no class in NCBI)	0	0	0	2	0	0	0	0	0	0	0	0	0	0	0	0	0	0	0	0	0	0	0	0	0	0	0	0	0	0	0	0	0	0	0	0	0	0	0	0	0	0	0
Candidatus Ozemobacteria	0	42	0	0	0	0	0	0	0	0	0	0	0	0	0	0	0	0	0	0	0	0	0	0	0	0	0	0	0	0	0	0	0	0	0	0	0	0	0	0	0	0	0
Candidatus Pacebacteria bacterium (no class in NCBI)	30	21	0	0	0	0	0	0	0	0	0	0	0	0	0	0	0	0	0	0	0	0	0	0	0	0	0	0	0	0	0	0	0	0	0	0	0	0	0	0	0	0	0
Candidatus Parcubacteria bacterium (no class in NCBI)	26	16	4	0	0	0	0	0	0	0	0	0	6	9	0	0	0	0	0	0	0	8	0	0	0	0	38	0	0	0	0	0	0	0	0	0	0	0	0	0	0	0	0
Candidatus Peribacteria	0	0	0	6	0	0	0	0	0	0	0	0	0	0	0	6	0	0	0	0	0	0	0	0	14	0	32	0	0	4	0	0	8	0	0	12	0	0	0	0	0	0	0
Candidatus Poribacteria bacterium (no class in NCBI)	0	17	0	0	10	0	8	0	0	0	0	0	3	6	2	9	0	0	0	12	8	32	16	0	0	0	0	0	0	6	0	0	24	22	2	44	0	8	0	0	0	0	0
Candidatus Riflebacteria bacterium (no class in NCBI)	0	0	0	0	0	0	0	0	0	0	0	0	0	0	0	0	0	0	0	0	0	0	0	0	0	0	14	0	0	0	0	0	0	0	0	0	0	0	0	0	0	0	0
Candidatus Riflemargulisbacteria	2	22	0	0	0	0	0	0	0	0	0	0	0	0	0	12	0	0	0	0	12	0	4	3	2	0	14	0	0	12	0	0	2	6	0	48	0	6	0	0	2	0	20
Candidatus Roizmanbacteria bacterium (no class in NCBI)	0	16	0	5	0	0	0	0	0	0	0	0	0	0	0	0	0	0	0	0	0	0	0	0	0	0	0	0	0	0	0	0	0	0	0	0	0	0	0	0	0	0	0
Candidatus Rokubacteria bacterium (no class in NCBI)	0	50	4	0	0	2	89	24	0	0	0	16	13	13	6	0	0	0	0	2	2	0	2	15	22	13	121	0	48	16	0	0	3	2	10	46	0	0	0	0	0	0	0
Candidatus Saccharibacteria bacterium (no class in NCBI)	143	974	205	309	4	2530	716	278	0	2282	20	2451	12	28	8	193	12	256	95	0	0	16	16	23	42	6	253	40	10	619	0	0	89	46	114	188	0	28	135	0	152	126	0
Candidatus Saccharimonas (no class in NCBI)	2	28	4	14	0	4	2	0	0	16	0	274	0	0	0	0	0	0	0	0	0	0	0	7	8	4	45	42	86	55	0	4	0	0	0	12	0	0	0	0	12	21	0
Candidatus Saccharimonia	0	0	0	0	0	324	79	0	0	6	0	6	0	0	0	0	0	0	0	0	0	0	0	5	0	0	0	0	0	6	0	0	16	0	0	0	0	0	0	0	10	29	0
Candidatus Sericytochromatia	0	0	0	4	2	0	2	0	0	0	0	0	6	8	4	0	0	2	4	6	10	26	4	35	50	23	4	0	0	18	14	0	0	0	0	15	0	0	0	0	0	0	28
Candidatus Shapirobacteria bacterium (no class in NCBI)	8	4	0	0	0	0	0	0	0	0	0	0	0	0	0	0	0	0	0	0	0	0	0	0	0	0	0	0	0	0	0	0	0	0	0	0	0	0	0	0	0	0	0
Candidatus Stahlbacteria (no class in NCBI)	16	4	0	0	0	0	0	0	0	0	0	0	0	0	0	0	0	0	0	0	0	0	0	0	0	0	0	0	0	0	0	0	0	0	0	16	0	0	0	0	0	0	0
Candidatus Sumerlaeia	0	0	0	4	0	0	0	0	0	0	0	0	0	0	0	0	0	0	0	0	0	0	0	0	0	0	0	0	0	0	0	0	0	0	0	0	0	0	0	0	0	0	0
Candidatus Sumerlaeota bacterium (no class in NCBI)	0	0	0	4	0	0	0	0	0	0	0	0	0	0	0	0	0	0	0	0	0	4	0	0	0	0	0	0	0	0	0	0	0	0	0	0	0	0	0	0	0	0	0
Candidatus Tectomicrobia bacterium (no class in NCBI)	0	0	0	0	0	0	30	4	0	0	0	36	0	0	0	0	0	0	0	0	0	0	0	0	0	0	27	0	0	0	0	0	0	0	0	0	0	0	0	0	0	0	0
Candidatus Termititenacia	0	0	0	0	0	0	0	0	0	0	0	0	0	0	0	0	0	0	0	0	0	10	0	0	0	0	0	0	0	0	0	0	0	0	0	0	0	0	0	0	0	0	0
Candidatus Thermofonsia	0	66	4	6	0	255	172	220	0	0	0	0	4	8	0	126	0	0	0	0	23	0	12	2	0	2	105	0	38	33	0	0	24	8	29	73	0	0	0	0	0	0	123
Candidatus Uhrbacteria bacterium (no class in NCBI)	0	12	0	7	0	0	0	0	0	0	0	0	0	0	0	4	0	0	0	0	0	0	0	0	0	0	28	0	0	0	0	0	0	0	0	0	0	0	0	0	0	0	0
Candidatus Vecturithrix (no class in NCBI)	6	69	4	0	0	6	0	0	0	0	0	0	0	0	0	0	0	0	0	0	0	0	0	1	13	0	6	0	0	0	0	0	2	0	12	0	6	0	0	0	0	0	0
Candidatus Wallbacteria bacterium (no class in NCBI)	0	0	0	0	0	0	0	0	0	0	0	0	0	0	0	0	0	0	0	0	0	0	0	0	0	0	0	0	0	0	0	0	0	0	0	0	0	0	0	0	0	0	0
Candidatus Woesebacteria bacterium (no class in NCBI)	2	27	4	0	0	0	0	0	0	0	0	0	9	23	2	41	0	0	0	0	0	0	0	0	0	0	4	0	0	0	0	0	0	0	0	14	0	0	6	0	0	0	0
Chitinispirillia	0	46	0	23	0	9	3	1	0	3	0	4	2	0	0	47	8	0	0	0	0	0	0	14	8	1	14	0	0	8	0	0	0	0	0	6	0	0	0	0	6	0	0
Chitinivibrionia	22	129	14	6	0	8	0	0	16	0	0	0	6	8	8	6	0	0	0	0	0	0	0	12	19	21	33	2	0	8	0	0	26	11	9	129	0	0	0	0	0	2	14
Chitinophagia	346	2177	594	3440	8	612	347	218	85	1119	10	77825	500	445	372	1567	26	2052	146	78	167	523	199	3898	3138	1739	15018	468	442	1639	4389	414	2059	528	453	563	300	463	66	7	15098	39998	7933
Chlamydiae bacterium (no class in NCBI)	4	24	0	87	0	0	0	0	0	4	0	16	0	0	0	0	0	6	0	0	0	0	0	0	0	0	0	0	0	6	0	0	0	0	0	0	0	0	0	0	0	0	0
Chlamydiia	109	3948	87	299	0	67	188	243	98	25	65	64	4	17	3	412	0	27	78	0	0	18	0	50	25	55	478	315	102	210	0	22	147	60	44	142	7	49	58	0	24	7	16
Chlorobi bacterium (no class in NCBI)	0	68	2	0	0	0	0	0	0	0	0	0	0	0	0	0	0	0	0	0	0	0	0	5	0	1	0	0	0	0	0	0	0	0	0	0	0	0	0	6	0	0	0
Chlorobia	193	1333	141	115	12	41	3	10	109	26	0	84	50	61	28	95	0	10	0	67	73	97	70	134	117	60	208	19	0	126	8	62	341	171	397	310	6	0	0	0	0	12	25
Chloroflexi bacterium (no class in NCBI)	265	23988	1257	173	1178	196	1002	254	0	89	25	264	2370	1412	822	1898	29	683	170	451	204	1602	448	1445	1140	383	30201	411	2747	4548	0	28	1918	3265	3856	4930	260	8	140	0	430	116	923
Chloroflexia	60	2789	96	1468	20	1303	1443	12322	72	852	14	502	143	219	48	646	2	106	6	37	33	132	184	286	199	91	5174	128	502	1068	0	26	607	694	272	756	56	14	68	0	580	89	689
Chroococcales (no class in NCBI)	62	1140	61	901	157	114	50	168	6	143	116	92	12652	40083	6595	30736	11	144	41	16831	5632	10446	3949	52980	50243	38077	38624	4682	2260	18098	9	51	68728	30510	2965	2076	329	8	0	11	261	99	269
Chroococcidiopsidales (no class in NCBI)	0	8	0	11	0	5506	1736	8156	0	28	0	0	2	7	0	82	12	4	0	4	17	16	30	17	24	17	1912	4	178	471	0	33	363	2623	32	73	33	0	14	0	0	0	0
Chrysiogenetes	0	50	0	0	0	0	0	0	0	0	0	0	0	0	0	0	0	0	0	0	0	0	0	0	0	0	27	0	12	6	0	0	8	10	3	0	0	0	0	0	0	0	0
Chthonomonadetes	11	107	0	18	0	4	4	8	0	0	14	6	28	24	3	15	0	10	0	0	0	0	0	5	2	0	34	57	8	36	0	0	0	4	3	12	0	0	0	0	38	6	10
Clostridia	6946	94480	8995	57895	272	1471849	23191	285261	76284	50573	118166	187406	4068	4971	3373	330189	18668	6708	84610	10222	12124	39647	55158	65951	68506	25810	152301	39805	3185	51758	10755	2911	23223	8291	33971	180966	31699	3184	2466	14507	549933	249306	774471
Coprothermobacteria	0	0	0	0	0	0	0	0	0	0	0	0	0	0	0	0	0	0	0	0	0	0	0	0	0	0	0	0	0	0	0	0	0	0	8	0	0	0	0	0	0	0	0
Coriobacteriia	41	232	29	66	6	195	56	30	38	48	28	89	25	13	18	113	8	2	8	2	0	20	4	70	67	45	590	92	73	86	332	48	125	102	83	44	0	215	0	0	1469	443	2406
Culicoidibacterales (no class in NCBI)	0	6	2	27	0	15	6	52	0	25	22	90	0	0	0	0	0	4	90	41	8	28	14	18	7	11	13	41	0	72	64	0	34	52	6	9	3	0	23	0	131	49	148
Cyanobacteria bacterium (no class in NCBI)	30	37	13	4	0	46	17	68	0	0	0	113	2	30	4	18	0	16	0	2	0	2	0	82	64	70	4223	65	16	58	0	0	41	218	0	0	0	0	0	0	0	0	0
cyanobacterium G8-9 (no class in NCBI)	0	0	0	0	0	0	0	0	0	10	0	0	0	0	0	0	0	0	0	0	0	0	0	0	0	0	0	0	0	0	0	0	0	0	0	0	0	0	0	0	0	0	0
cyanobacterium TDX16 (no class in NCBI)	20	3060	22	58	0	189	77	176	0	38	16	0	0	0	0	0	0	0	0	0	0	0	0	0	0	0	186	1	10	2	0	4	0	107	0	11	0	0	4	0	0	0	0
Cytophagales bacterium (no class in NCBI)	2	4	0	0	0	14	0	6	16	0	0	4	4	2	0	46	0	0	0	0	10	13	6	5	2	4	10	6	0	16	9	0	18	2	2	18	0	4	0	0	56	10	21
Cytophagia	3627	29349	8977	15169	689	3629	2295	744	1872	1552	5350	248187	4549	6528	2032	68228	691	5691	7356	1954	3514	12499	3570	54639	39508	24240	18154	8988	5706	20516	3395	3756	52211	16208	23445	31009	8920	5832	665	363	12814	29037	12728
Deferribacteres	30	640	6	0	4	8	16	4	6	0	0	38	9	9	6	46	0	0	0	4	0	16	2	40	47	46	64	0	0	8	0	0	1	8	3	76	0	0	0	50	13	6	58
Dehalococcoidia	61	1211	47	28	2	10	14	1749	24	5	30	52	60	125	25	206	6	501	133	1	14	43	26	310	277	163	1011	8	58	301	0	135	338	275	202	591	0	25	2	0	147	51	200
Deinococci	59	1977	93	198	28	156	94	109	0	70	43	224	176	190	59	254	42	160	89	42	21	136	29	172	129	87	1034	165	166	368	6	15	194	250	189	554	6	44	12	44	346	100	459
Deinococcus-Thermus bacterium (no class in NCBI)	0	0	0	0	0	0	0	0	0	0	0	0	2	4	2	0	0	0	0	0	0	0	0	7	8	6	10	0	0	10	0	0	0	0	0	0	0	0	0	0	0	0	0
Deltaproteobacteria	82957	1080356	157889	20811	12311	7879	9023	2545	28458	5435	4132	50505	103907	142013	53753	228264	8432	118688	30659	25594	82332	81262	56019	315633	224693	148087	605241	22518	69405	109020	513	5777	269948	178552	246608	851991	2101	2031	2608	44	2379335	1580899	2120187
Dictyoglomia	0	0	0	0	0	0	0	0	0	0	0	0	0	0	0	0	0	12	0	0	0	0	0	0	0	0	12	0	0	0	0	0	0	0	0	0	0	0	0	0	0	0	0
Elusimicrobia	0	0	0	0	0	0	0	0	0	0	0	0	6	11	8	0	0	0	0	0	0	0	0	0	0	0	0	0	0	0	0	0	0	0	0	0	0	0	0	0	109	23	207
Elusimicrobia bacterium (no class in NCBI)	0	0	0	0	0	0	0	0	0	0	0	0	0	0	0	0	0	0	0	0	0	0	0	0	0	0	10	2	0	0	0	0	0	0	0	0	0	0	0	0	0	0	0
Endomicrobia	0	0	0	0	0	0	0	0	0	0	0	0	0	0	0	0	0	0	0	2	4	14	2	8	0	0	0	0	0	0	0	0	0	0	8	69	0	0	0	0	0	0	0
Epsilonproteobacteria	5190	13421	8587	8524	754	43157	13789	10516	6969	4583	7346	51283	4231	3625	4717	8415	2142	22386	704181	3690	19174	3251	5128	7649	5068	3755	137161	6098	11903	153510	1515188	5814	5744	5780	9599	13941	5430	4934	3026	95768	2412842	131522	1963550
Erysipelotrichia	61	671	81	3048	104	2857	341	1957	480	798	536	1884	54	146	24	2478	654	4705	19031	1282	1933	13899	3612	12733	7854	5337	35252	55732	151	772	1301	429	1270	439	696	1100	333	2	217	1664	4309	977	4017
Fibrobacteria	29	310	87	66	0	41	0	16	12	13	0	50	2	6	8	0	0	0	0	2	0	7	20	14	1	1	50	13	298	24	0	0	6	6	6	50	25	0	0	0	276	36	243
Fimbriimonadia	0	6	0	0	0	0	0	0	0	0	8	0	0	0	0	6	0	0	0	0	0	0	0	132	150	205	12	0	6	16	0	0	0	0	0	10	0	0	0	0	0	0	0
Firmicutes bacterium (no class in NCBI)	0	26	0	11	0	0	0	10	0	0	9	12	2	2	6	0	0	4	0	6	0	3	6	0	0	0	29	0	0	10	0	0	0	0	0	0	12	0	0	0	11	0	0
Flavobacteriia	39972	263687	847785	192105	7814	72690	53509	13628	18616	14873	16343	358629	59779	65752	33550	235872	12136	56869	190743	24220	61602	115425	34098	446228	327362	226165	39385	1206294	23395	364813	2444921	48177	1098544	152480	239633	432380	46428	58484	121838	1446	500898	1798363	786957
Fusobacteriia	78	201879	119	50979	2	3004	184	961	506	677	641	1958	22	97	29	2227	143	100	683	112	194	809	607	521	834	564	441	298	218	203	165	107	936	567	16799	1744	363	23908	227	2645	16258	228858	32998
Gammaproteobacteria	5020890	30593150	1429327	12162465	1588348	17235812	318040	326557	1033355	3992614	435481	3695831	1017354	1044058	476205	3137684	468337	7164256	431601	427988	1078910	848142	828726	2700480	2117661	1383649	2687234	305573	670308	1560445	42506488	1945986	4700804	10017093	6096566	13943124	3394182	790105	516009	706919	5198314	8351729	4272151
Gemmatimonadetes	227	5763	243	405	50	112	60	14	0	18	7	70	1264	1284	570	4525	40	1239	140	168	190	784	276	2251	1776	1086	4301	196	1005	820	33	247	2726	1234	705	1347	130	7	0	0	6	121	610
Gemmatimonadetes bacterium (no class in NCBI)	176	4322	180	411	110	47	29	3	0	6	27	22	2449	2587	1347	17026	13	573	96	530	522	1278	566	4238	3189	2235	1428	405	1146	985	0	89	8615	3491	1073	191	26	0	0	0	0	64	27
Gloeobacteria	0	10	4	390	0	0	8	0	0	4	0	75	21	15	4	22	0	0	0	0	0	0	0	10	6	8	525	2	10	34	0	0	27	16	25	0	0	0	0	0	10	0	0
Gloeoemargaritales (no class in NCBI)	0	0	0	0	0	0	0	0	0	0	0	0	0	0	0	0	0	0	0	0	0	0	0	7	2	0	0	0	0	18	0	0	0	0	0	0	0	0	0	0	0	0	0
Holophagae	152	1683	109	59	18	6	6	2	0	6	6	124	325	349	188	957	10	792	50	31	21	245	88	201	140	94	7184	89	92	187	0	67	453	450	143	372	12	14	2	0	79	268	3054
Hydrogenispora (no class in NCBI)	0	44	0	8	0	0	0	0	0	0	0	0	0	0	0	0	0	0	0	0	0	0	0	0	0	0	12	0	0	0	0	0	0	0	0	0	0	0	0	0	0	0	0
Hydrogenophilalia	0	44	0	9	0	0	0	0	0	0	0	10	27	26	6	0	0	28	2	0	0	0	0	2	9	2	698	150	0	2	0	0	31	19	20	57	0	0	0	0	0	0	24
Ignavibacteria	203	1279	453	431	6	85	4	34	119	77	4	115	98	189	35	611	4	142	16	117	150	601	153	339	309	188	1339	161	124	96	129	61	489	248	160	537	20	70	0	8	208	293	742
Ignavibacteriae bacterium (no class in NCBI)	4	8	0	8	0	0	0	0	0	0	0	0	0	0	0	14	0	0	0	0	0	0	0	6	8	4	8	0	50	298	0	0	3	3	0	0	0	0	0	0	0	0	0
Kiritimatiellae	969	20920	1008	219	103	8	0	0	129	0	0	61	377	316	213	904	0	138	10	80	54	207	45	989	661	409	1267	28	187	344	0	24	758	559	1634	5750	10	4951	4	0	689	9	110
Kiritimatiellaeota bacterium (no class in NCBI)	0	24	0	0	0	0	0	0	0	0	0	0	0	0	0	0	0	0	0	0	0	0	0	6	2	2	0	0	0	0	0	0	10	9	0	12	0	9	0	0	0	0	0
Ktedonobacteria	4	343	85	37	12	34	60	188	0	14	0	0	19	12	2	18	2	2	2	2	2	44	4	39	21	23	286	8	52	104	0	4	38	22	17	1858	24	0	6	0	89	22	24
Lentimonas (no class in NCBI)	0	14	2	58	2	0	0	0	0	0	0	0	76	80	23	78	0	0	0	33	15	13	10	20	8	20	60	10	0	6	0	8	51	50	97	99	0	20	0	0	75	0	0
Lentisphaerae bacterium (no class in NCBI)	0	75	4	4	0	8	10	0	0	0	0	0	0	0	0	0	0	0	0	0	0	0	0	4	2	2	16	2	0	2	0	0	2	8	0	6	0	0	0	0	0	0	0
Lentisphaeria	74	272	4	11	16	15	11	4	162	0	0	32	96	95	46	300	11	50	14	27	61	54	14	294	140	95	226	31	0	80	20	6	260	200	375	1263	12	141	0	0	87	17	851
Limnochordia	0	12	0	0	0	0	0	8	0	0	0	0	8	0	0	10	0	0	0	0	0	0	0	0	0	0	0	0	0	0	0	0	0	0	0	64	0	0	0	0	0	0	0
Longimicrobia	0	83	2	0	0	2461	8	14	0	12	2	0	0	0	0	0	0	0	0	0	0	0	0	0	0	0	44	2	0	20	0	0	0	8	0	15	0	0	0	0	0	0	0
Lusitaniella (no class in NCBI)	0	0	0	0	0	0	0	0	0	0	0	0	0	0	0	0	0	0	0	0	0	0	0	0	0	0	0	0	0	16	0	0	13	2	0	26	14	0	0	0	0	0	0
Methylacidimicrobium (no class in NCBI)	0	0	0	0	0	0	0	0	0	0	0	0	0	0	0	0	0	0	0	0	0	0	0	0	0	0	22	0	0	0	0	0	0	0	0	6	0	0	0	0	0	0	0
Methylacidiphilae	0	8	0	0	0	0	0	0	0	0	0	0	0	0	0	0	0	0	0	0	0	0	0	0	0	0	0	0	0	0	0	0	0	0	0	15	0	0	0	0	0	0	0
Mollicutes	1002	4676	497	44933	42	3222415	979643	502199	876	31226	1434	90825	2304	4973	1487	8168	89	758	679	368	319	725	2110	76539	101267	19761	101634	636	394	29817	7970578	903469	1311235	1453299	716946	3231	1093418	853	11496	10679	5142412	1863938	10584412
Ndongobacter (no class in NCBI)	0	0	0	0	0	0	0	0	0	0	0	0	0	0	0	0	0	0	0	0	0	0	0	0	0	0	0	0	0	0	0	0	0	0	0	0	0	0	0	0	0	0	0
Negativicutes	380	954	1300	945	1471	1648	180	418	2476	88	249	368	0	16	0	404	0	14	2	296	14560	230	34432	337	248	178	217	84	310	188	0	297	47	122	49	54	47	28	16	26	670	213	616
Nitriliruptoria	203	42727	1647	112	24	223	451	271	26	55	301	60	222	200	78	1011	0	60	0	75	33	143	53	602	468	322	3302	106	19051	35933	0	46	169	169	273	703	0	26	46	0	856	92	59
Nitrospinae bacterium (no class in NCBI)	0	6	2	0	0	0	247	4	0	0	0	0	0	0	0	10	0	0	0	0	4	0	2	4	4	0	0	0	0	2	0	22	105	14	6	0	0	0	0	0	0	0	0
Nitrospinia	9	67	14	0	8	0	0	0	0	0	0	0	39	28	12	10	0	66	0	12	24	22	11	32	22	24	63	0	0	30	0	0	39	10	12	430	4	10	0	0	0	0	62
Nitrospira	74	1136	61	1886	30	76	81	57	0	26	9	256	190	271	91	379	8	668	133	38	71	345	101	262	191	143	2321	46	136	171	22554	90	545	302	239	2906	323	23	8	0	367	1840	1190
Nitrospirae bacterium (no class in NCBI)	72	2180	174	24	118	6	6	0	0	0	0	0	928	695	370	1124	10	540	90	132	59	969	243	786	454	303	6678	170	6	90	10	0	2078	1628	212	788	0	8	0	0	0	0	96
Nostocales (no class in NCBI)	63	1587	138	1564	10	3060	1074	5582	2	164	4	951	967	2844	423	3538	26	115	33	1173	476	947	443	3100	2704	1878	16153	657	889	7842	1914	360	6425	6044	808	4200	297	119	104	0	417	91	534
Oligoflexia	49	769	100	382	2	172	181	136	44	131	0	2535	58	82	16	286	14	131	29	54	98	71	836	304	388	194	644	31	202	427	21	24	305	357	338	550	6	510	0	0	445	250	267
Oligosphaeria	0	0	0	0	0	0	0	0	0	0	0	0	0	0	0	0	0	0	0	0	0	0	0	2	4	3	0	0	0	0	0	0	0	0	0	0	0	0	0	0	0	0	0
Opitutae	778	6194	645	3117	52	249	78	6	35	465	12	1148	2137	2301	1019	1572	12	189	34	604	293	528	188	968	691	536	2806	275	1954	1624	24	147	3423	2162	3870	6915	47	388	4	0	252	121	262
Oscillatoriales (no class in NCBI)	20144	5859	19949	14992	742	16181	23833	20050	12329	14726	16945	56874	9303	10474	11751	5995	3434	10133	6891	10326	9437	12745	8744	7324	6473	6139	43341	2859	8360	52778	329	27779	27769	9089	7123	46888	12732	9101	7915	0	13837	13712	11606
Phycisphaerae	505	90840	406	1958	106	596	56	58	11	151	54	381	1487	1357	607	2542	237	1509	914	301	482	905	523	2704	2035	1402	4336	263	1355	1647	190	212	6325	3940	27962	7693	257	1082	313	10	777	908	27240
Planctomycetes bacterium (no class in NCBI)	187	21826	702	683	731	164	34	11	0	131	26	239	2478	1391	868	1119	215	292	44	287	142	1066	228	2654	2131	1124	5588	137	2850	4864	82	299	2107	3246	4096	10004	0	6	50	0	6527	142	1484
Planctomycetia	5704	281242	17407	112573	3213	6315	3487	1306	204	3016	5172	35970	31294	24547	13522	116092	760	7814	1020	3704	3174	23118	6570	124948	92706	61165	461365	10466	171944	415116	10489	4610	89592	102429	112294	620633	176	7835	3875	0	326053	32555	11639
Pleurocapsales (no class in NCBI)	128	376	46	558	48	65	89	109	0	6765	0	388	129	438	135	1972	874	690	63	271	293	2271	3541	595	614	419	148222	1547	3236	30213	110	85	10546	996	578	3134	2296	70	425	0	319	189	2
Proteobacteria bacterium (no class in NCBI)	91	1073	111	361	36	85	14	4	0	559	4	147	301	481	142	362	41	2940	285	21	47	129	79	418	319	336	11532	34	132	128	0	96	400	271	366	2973	12	10	0	0	26	16	56
Rhodothermia	40	460	23	22	16	0	11	6	0	0	4	19	196	245	74	799	44	264	26	43	59	116	37	440	332	240	439	59	158	277	0	26	634	350	280	570	4	20	0	0	6	1014	566
Rubrobacteria	33	1644	49	22	0	2759	2859	266748	25	132	0	53	18	26	2	145	0	26	6	1	10	76	24	0	4	0	996	6	485	312	26	8	353	2247	447	69	0	0	28	0	0	0	49
Saprospiria	1368	11326	1649	4798	173	254	79	38	122	326	10	861	1808	2585	497	28958	206	1209	523	773	2528	6586	1898	25543	23281	12044	1682	939	986	4113	2018	3278	39465	8036	16548	1732	21636	11963	176	18	16817	82214	1935
SAR202 cluster (no class in NCBI)	0	0	0	0	0	0	0	0	0	0	0	0	0	0	0	12	0	0	0	0	0	0	0	0	0	0	10	0	0	3	0	0	0	0	0	0	0	0	0	0	0	0	0
Spartobacteria	40	2896	195	932	170	321	217	4	0	81	0	774	340	211	96	312	0	8	11	76	29	507	110	73	59	37	2298	54	110	141	0	188	216	389	27	132	0	8	8	0	0	17	157
Sphingobacteriia	537	4456	1118	4398	26	2614	383	201	746	441	263	6914	98	126	35	2972	127	432	385	221	306	863	371	1449	1250	839	1368	546	120	878	3124	142	1535	428	684	831	377	464	104	76	2860	5650	4450
Spirochaetes bacterium (no class in NCBI)	33	1191	43	0	0	2	630	0	350	5	0	0	0	9	2	24	0	0	0	4	8	0	29	2	6	2	0	0	0	0	0	4	0	0	0	49	12	0	0	0	0	0	0
Spirochaetia	12427	70648	14064	863	35	1086	92	553	39405	546	356	423	465	624	214	1757	6	250	191	4749	23124	383	100622	80733	61949	12846	5946	692	117	416	30	124	22342	5579	14458	6923	344	177	123	989	651297	204275	1068343
Spirulinales (no class in NCBI)	2	67	2	20	0	0	0	0	8	0	0	0	2	21	4	40	0	0	0	0	0	0	10	7	12	6	60	0	39	132	0	11	66	28	2	27	0	0	0	0	0	0	0
Synechococcales (no class in NCBI)	535	18945	1406	3623	162	1312	219	409	0	210	152	89	3579	3921	1388	5297	40	331	31	3714	2547	2241	2001	28368	24639	17272	4899	821	15237	76773	52	1880	7559	10823	2765	9979	48	240	48	0	2125	465	1052
Synergistia	11	114	16	28	0	53	18	8	0	11	0	16	6	0	0	12	0	6	0	32	16	200	51	2374	1467	511	48	0	8	43	0	10	98	2	9	8	88	0	0	0	393	99	432
Tenericutes bacterium (no class in NCBI)	0	21	2	0	0	0	0	0	0	0	0	0	0	0	0	15	0	0	0	0	0	0	0	0	0	0	0	0	42	0	0	0	0	0	0	0	0	0	0	0	0	0	0
Tepidiformia	0	4	0	67	0	0	0	0	0	0	0	0	0	0	0	0	0	0	0	0	0	0	0	0	0	0	7	0	0	0	0	0	0	0	0	0	0	0	0	0	0	0	0
Terrimicrobia	0	0	0	28	0	8	16	8	0	0	0	0	0	0	0	0	0	0	0	0	0	0	0	8	5	1	34	0	0	6	0	0	0	0	0	0	0	0	0	0	0	0	0
Thermoanaerobaculia	13	473	18	99	1	6	6	0	0	23	14	50	77	81	49	313	10	722	36	14	10	82	34	48	68	25	26728	305	0	50	0	34	168	162	36	32	0	0	0	0	4	184	788
Thermobaculum (no class in NCBI)	0	0	0	0	0	0	0	0	0	0	0	0	0	0	0	0	0	0	0	0	0	0	0	0	0	0	0	0	0	0	0	0	0	2	0	0	0	0	0	0	0	0	0
Thermodesulfobacteria	67	946	101	32	2	0	0	0	0	8	0	0	0	12	0	0	0	24	8	4	4	46	11	11	1	2	290	13	0	24	0	0	39	21	4	150	0	0	0	0	6	80	36
Thermodesulfovibrionia	0	0	0	0	0	0	0	0	0	0	0	0	0	0	0	0	0	4	0	0	0	0	0	0	0	0	4	0	0	0	0	0	0	0	0	0	0	0	0	0	0	0	0
Thermoflexia	2	91	1	0	0	4	8	26	0	0	0	8	14	22	0	6	0	0	0	6	0	2	0	0	0	0	180	4	0	12	0	0	8	0	10	36	88	0	0	0	26	44	112
Thermoleophilia	735	175650	3655	351	73	10283	19282	8753	2	749	990	2071	647	306	181	1140	48	62	0	95	52	442	176	516	566	368	21739	458	20524	33413	0	158	802	1471	1039	1273	8	15	1050	0	182	49	328
Thermomicrobia	8	1287	31	32	22	30	24	112	0	4	0	14	77	35	32	171	0	4	0	16	8	68	20	123	107	33	1830	4	82	457	0	6	85	221	398	282	0	0	0	0	0	0	0
Thermotogae	8	374	4	178	2	144	189	206	12	18	0	102	31	45	8	363	8	9	28	12	12	41	41	104	166	87	344	19	119	80	5	52	100	46	84	385	45	68	8	125	5107	571	3431
Thermotogae bacterium (no class in NCBI)	0	0	0	0	0	0	0	0	0	0	0	0	0	0	0	0	0	0	0	0	0	0	0	0	0	0	0	0	0	0	0	0	8	4	6	0	0	0	0	0	0	0	0
Tissierellia	9	576	43	90	0	750	50	557	268	140	75	214	6	13	0	682	39	29	138	69	43	255	238	581	422	246	200	123	0	0	321	0	72	28	50	731	276	54	35	54	471	160	208
Unclassified Acidobacteria	2037	73735	3516	8590	1891	1047	4153	540	290	1861	1229	11605	17134	16776	7651	39403	771	25280	2727	2175	1676	14547	5600	14251	10796	8192	443416	7788	9170	10678	104	3820	22475	24122	8032	37308	653	384	171	0	1220352	15632	185733
Unclassified Actinobacteria	24300	2786206	71011	35000	16707	44574	92446	53052	1946	51813	18695	48120	68605	49350	26604	111215	2475	91455	2094	12248	6532	31892	16845	148804	107404	68060	467381	16874	308660	483144	3028	27696	65260	100078	165428	398541	901	2836	17021	169	3160219	83755	60211
Unclassified Armatimonadetes	189	8171	438	803	120	54	46	31	0	81	6	216	826	563	312	2224	104	135	36	72	46	307	102	1299	1134	584	1549	42	285	1187	36	46	729	1031	1657	3800	61	91	10	0	141	173	426
Unclassified Bacteria	382047	4761359	505108	3763955	120446	8980764	1012811	1490031	254672	805276	359688	931049	481510	448477	327604	1629394	282998	812974	1588908	295363	301273	846247	928582	4769922	3544133	1253215	2738558	426379	580920	7773611	5742352	400451	2382317	2644171	1901049	7072094	686723	350267	3984466	5209107	10703614	4736088	18069990
Unclassified Bacteroidetes	202750	4220979	473449	331097	6892	78211	14194	9986	78673	20642	17808	302518	34943	41192	19107	379129	111223	488156	301485	68793	77183	994160	131144	458036	370532	171534	228736	92624	29544	314491	283408	45839	475407	112202	188314	174751	67779	101469	15257	8282	6352305	4510008	3956532
Unclassified Balneolaeota	11	243	37	34	0	8	0	0	0	12	14	6	20	12	1	104	0	48	4	2	6	39	8	28	25	13	172	5	8	31	0	8	80	14	38	58	18	0	0	0	57	18	160
Unclassified Caldiserica	2	14	0	0	0	0	0	0	0	0	0	0	0	0	0	0	0	4	8	2	0	8	0	1	6	6	0	0	0	0	0	0	6	6	2	0	0	0	0	0	31	48	91
Unclassified Calditrichaeota	57	364	83	51	2	6	0	109	0	8	14	18	16	22	10	59	7	46	6	0	8	53	2	100	70	36	247	21	0	32	8	10	82	69	42	229	149	31	16	0	49	552	186
Unclassified candidate division NC10	0	12	4	0	0	0	0	0	0	0	0	0	0	0	0	16	0	2	4	4	1	5	0	2	0	4	50	0	0	4	0	0	14	1	14	105	0	0	0	0	0	0	6
Unclassified Candidatus Abawacabacteria	0	0	0	0	0	0	0	0	0	6	0	0	0	0	0	0	0	0	0	0	0	0	0	0	0	0	0	0	0	0	0	0	0	0	0	6	0	0	0	0	0	10	0
Unclassified Candidatus Absconditabacteria	0	0	0	0	0	0	0	0	0	0	0	0	0	0	0	0	0	6	0	0	0	0	0	0	0	0	0	0	0	0	0	0	0	0	0	0	0	0	0	0	0	0	0
Unclassified Candidatus Abyssubacteria	2	33	0	0	0	0	0	0	0	0	0	0	10	8	4	32	0	6	4	2	3	9	0	31	11	3	47	2	0	20	0	0	0	0	0	94	0	0	0	0	0	0	77
Unclassified Candidatus Adlerbacteria	0	0	0	0	0	0	0	0	0	32	0	0	0	0	0	0	0	0	0	0	0	0	0	0	0	0	0	0	0	0	0	0	0	0	0	0	0	0	0	0	0	0	0
Unclassified Candidatus Aerophobetes	0	34	6	25	0	0	0	0	0	0	0	0	6	18	4	0	0	0	0	0	0	0	0	0	4	0	14	0	0	0	0	0	8	2	0	20	0	0	0	0	0	0	0
Unclassified Candidatus Amesbacteria	0	46	0	0	0	2	0	6	0	0	0	0	0	0	0	6	0	0	0	0	0	0	0	0	0	0	14	0	100	38	0	0	2	4	0	0	0	0	0	0	0	0	0
Unclassified Candidatus Aminicenantes	31	785	15	78	8	124	167	134	108	44	10	6	83	105	40	151	18	100	20	10	40	86	40	155	121	125	997	4	155	69	0	16	191	106	58	508	25	26	0	0	6	46	248
Unclassified Candidatus Andersenbacteria	0	10	0	0	0	0	0	0	0	0	0	0	0	0	0	0	0	0	0	0	0	0	0	0	2	0	0	0	0	0	0	0	0	0	0	0	0	0	0	0	12	0	0
Unclassified Candidatus Atribacteria	40	380	61	33	0	0	0	0	0	16	0	0	12	12	0	6	4	28	6	0	17	37	14	47	48	38	110	0	0	16	0	0	41	16	17	65	0	0	0	0	0	0	144
Unclassified Candidatus Aureabacteria	0	0	0	4	0	0	0	0	0	0	0	0	0	0	0	0	9	0	0	0	0	0	0	0	0	0	0	0	0	4	0	6	2	2	2	0	0	0	0	0	0	0	0
Unclassified Candidatus Azambacteria	0	26	0	0	0	0	0	0	0	0	0	0	0	0	0	0	0	0	0	0	0	0	0	2	4	0	8	0	0	6	33	0	1	2	9	0	0	0	0	0	0	0	0
Unclassified Candidatus Beckwithbacteria	2	58	2	0	2	0	14	0	25	0	0	0	0	0	0	0	15	0	0	12	1	2	14	6	9	0	28	0	0	4	0	0	0	8	0	0	0	0	0	10	14	4	0
Unclassified Candidatus Berkelbacteria	0	1194	2	0	0	0	0	0	10	0	0	5	0	0	0	80	0	0	0	0	0	0	0	0	0	0	12	0	0	4	0	0	6	4	8	0	0	0	0	0	10	24	10
Unclassified Candidatus Binatota	0	0	0	0	0	0	0	0	0	0	0	0	0	0	0	0	0	0	0	0	0	0	0	0	0	0	32	0	0	0	0	0	0	0	0	0	0	0	0	0	0	0	0
Unclassified Candidatus Bipolaricaulota	2	232	9	0	0	17	18	0	0	0	0	8	20	18	0	106	0	5	1	2	0	4	0	4	4	4	72	0	72	82	0	14	20	8	0	188	48	0	0	0	41	25	35
Unclassified Candidatus Blackburnbacteria	0	0	0	0	0	0	0	0	0	0	0	0	0	0	0	6	0	0	0	0	0	0	0	0	0	0	6	0	0	0	0	0	0	0	0	0	0	0	0	0	0	0	0
Unclassified Candidatus Brennerbacteria	2	4	0	0	0	0	0	0	0	0	0	0	0	0	0	0	0	0	0	0	0	0	0	0	0	0	0	0	0	0	0	0	0	0	0	0	0	0	0	0	0	0	0
Unclassified Candidatus Buchananbacteria	0	54	2	0	0	0	0	0	15	0	0	0	0	0	0	24	0	0	0	0	0	0	0	0	0	0	0	0	0	0	0	0	4	0	0	7	0	0	0	0	0	0	0
Unclassified Candidatus Calescamantes	0	0	0	0	0	0	0	0	0	0	0	0	0	0	0	0	0	0	0	0	0	0	0	0	0	0	14	0	0	0	0	0	0	0	0	0	0	0	0	0	0	0	0
Unclassified Candidatus Campbellbacteria	0	42	0	8	0	0	0	0	0	0	0	0	0	0	0	0	0	0	0	0	19	0	4	61	76	10	0	0	100	482	75	0	0	0	0	0	0	0	0	0	1130	1612	53
Unclassified Candidatus Cerribacteria	0	0	0	0	0	0	0	0	0	10	0	0	0	0	0	0	0	0	0	0	0	0	0	0	0	0	0	0	0	0	0	0	0	0	0	0	0	0	0	0	0	0	0
Unclassified Candidatus Chisholmbacteria	0	8	0	10	0	0	0	0	0	0	0	0	2	4	0	8	0	0	0	0	0	0	0	0	0	0	0	0	0	0	0	0	0	0	0	0	0	0	0	0	36	0	0
Unclassified Candidatus Cloacimonetes	14	354	85	76	8	67	0	27	0	26	0	10	2	12	2	68	8	12	12	0	4	31	24	118	70	33	131	96	0	47	0	0	63	45	6	101	34	46	0	0	97	50	186
Unclassified Candidatus Coatesbacteria	0	32	0	0	0	0	0	0	0	0	0	10	0	0	0	42	0	0	0	0	0	0	0	3	6	4	24	0	0	0	0	0	17	10	14	0	14	0	0	0	0	0	0
Unclassified Candidatus Collierbacteria	0	23	0	0	0	0	0	0	0	0	0	0	0	0	0	0	0	0	0	0	0	0	0	0	0	0	18	0	0	0	0	0	0	0	0	0	10	0	0	0	28	24	0
Unclassified Candidatus Colwellbacteria	4	14	6	12	0	0	0	0	0	0	0	0	0	0	0	0	12	2	2	0	0	0	0	0	0	0	0	0	0	0	0	0	2	2	6	0	0	0	0	0	0	0	19
Unclassified Candidatus Curtissbacteria	4	50	2	0	0	0	11	8	0	0	15	0	0	0	0	0	0	7	0	0	0	0	0	4	0	0	0	0	18	10	0	0	0	0	0	0	0	0	0	0	0	10	0
Unclassified Candidatus Dadabacteria	161	741	79	719	4	0	0	0	0	16	0	26	102	92	81	576	4	90	30	8	15	78	24	34	22	6	1599	39	42	70	0	56	168	77	465	457	8	84	0	0	226	142	470
Unclassified Candidatus Daviesbacteria	4	24	10	34	6	2	6	0	0	0	0	6	0	0	0	50	0	10	6	2	0	22	12	0	0	0	6	0	0	12	0	0	55	18	38	10	0	10	4	0	10	0	0
Unclassified Candidatus Delongbacteria	20	178	22	0	0	0	0	0	0	0	0	0	0	0	0	12	0	0	14	0	0	8	0	12	1	0	42	0	0	16	0	0	16	14	6	10	22	0	0	0	2899	264	661
Unclassified Candidatus Desantisbacteria	0	8	0	8	0	0	0	0	0	0	0	0	6	2	0	22	0	4	2	0	0	0	0	0	0	0	6	0	0	0	0	0	0	0	0	9	0	0	0	0	0	0	0
Unclassified Candidatus Dormibacteraeota	3	280	2	0	0	8	67	30	0	36	0	38	28	22	6	110	0	0	0	0	0	6	0	25	9	7	1838	37	10	6	0	6	0	0	0	6	0	0	0	0	70	0	0
Unclassified Candidatus Doudnabacteria	0	82	4	56	0	2	0	0	0	6	0	0	0	0	0	0	0	0	0	2	2	8	2	0	0	0	50	0	0	13	0	0	0	12	4	1126	0	0	0	0	0	30	14
Unclassified Candidatus Edwardsbacteria	2	65	2	0	0	0	0	0	0	0	0	0	0	0	0	0	0	0	0	0	0	0	0	0	0	0	6	0	0	0	0	0	0	0	0	0	0	0	0	0	0	0	0
Unclassified Candidatus Eisenbacteria	0	351	18	47	14	36	1	0	0	4	14	20	51	41	14	160	0	36	6	6	14	60	17	161	115	88	573	14	0	16	0	4	122	128	61	290	9	0	0	0	0	65	304
Unclassified Candidatus Eremiobacteraeota	0	46	0	0	0	0	0	0	0	21	0	0	0	0	0	14	0	6	6	0	0	0	0	20	7	6	28	0	0	8	0	0	18	0	0	6	0	0	0	0	0	0	0
Unclassified Candidatus Falkowbacteria	9	402	19	46	0	35	40	0	0	34	0	38	0	0	0	62	0	10	0	0	7	14	32	186	152	122	78	0	0	42	0	66	100	33	0	105	0	51	0	0	8	4	42
Unclassified Candidatus Fermentibacteria	138	481	62	0	0	8	24	0	23	0	40	12	21	26	4	70	0	65	6	6	34	123	6	270	208	105	102	1	0	20	0	0	402	43	111	81	0	36	0	0	0	0	33
Unclassified Candidatus Firestonebacteria	0	14	2	0	0	0	0	26	0	0	0	0	0	0	0	0	0	0	0	0	0	6	0	0	0	0	8	0	0	0	0	0	6	4	2	0	0	0	0	0	15	5	8
Unclassified Candidatus Fischerbacteria	0	10	2	0	0	0	0	0	0	0	0	0	0	10	0	4	0	0	0	0	0	0	0	0	0	0	12	0	0	0	0	0	0	0	0	0	0	0	0	0	0	0	0
Unclassified Candidatus Fraserbacteria	0	6	0	0	0	0	0	0	0	0	0	0	0	4	4	0	0	8	0	0	0	0	0	0	0	0	8	0	0	0	0	0	0	0	0	0	0	0	0	0	0	12	0
Unclassified Candidatus Giovannonibacteria	11	6	0	12	2	0	0	0	0	0	0	4	0	0	0	0	0	12	0	0	0	16	0	0	38	0	38	0	0	18	0	6	0	1	4	0	0	0	0	0	0	0	30
Unclassified Candidatus Glassbacteria	0	0	0	4	0	0	0	0	0	0	0	0	0	0	0	0	0	0	0	0	0	0	0	2	0	2	30	0	0	0	0	0	6	0	0	39	0	0	0	0	0	0	0
Unclassified Candidatus Goldbacteria	0	0	0	0	0	0	0	0	11	0	0	0	0	0	0	16	0	0	0	0	0	0	0	0	0	0	0	0	0	0	0	0	0	0	0	0	0	0	0	0	0	0	0
Unclassified Candidatus Gottesmanbacteria	0	99	23	38	0	0	8	8	0	0	40	12	0	0	0	8	0	0	0	0	4	0	2	5	3	0	36	0	50	24	0	0	0	0	0	43	0	0	0	0	0	0	0
Unclassified Candidatus Gracilibacteria	4	63	12	20	0	84	34	6	350	31	10	132	6	10	1	12	0	4	0	0	9	6	36	960	5595	340	67	6	149	1235	52	6	168	20	9	44	0	20	0	0	116032	53724	39
Unclassified Candidatus Handelsmanbacteria	13	20	4	0	2	0	4	0	0	0	0	0	0	0	0	0	0	0	0	0	1	0	10	0	0	0	27	0	0	18	0	0	8	41	8	66	0	0	0	0	55	0	0
Unclassified Candidatus Harrisonbacteria	5	22	6	0	0	0	0	0	0	0	6	18	0	0	0	0	0	0	0	0	0	0	0	0	0	0	6	0	12	6	8	0	8	2	0	0	0	0	0	0	0	0	0
Unclassified Candidatus Hydrogenedentes	26	415	17	78	0	20	3	0	0	16	0	45	38	63	36	238	0	37	0	0	2	32	2	84	74	27	382	54	324	199	18	14	65	96	111	404	0	22	16	0	55	10	93
Unclassified Candidatus Hydrothermae	0	0	0	0	0	0	0	0	0	0	0	0	0	0	0	0	0	0	0	0	0	0	0	0	0	0	0	0	0	0	0	0	0	0	0	0	0	0	0	0	0	2	10
Unclassified Candidatus Jacksonbacteria	0	17	0	0	0	0	0	0	0	0	0	16	0	0	0	16	0	0	0	0	0	0	0	0	0	0	0	0	0	0	0	0	8	0	0	8	0	0	0	0	0	0	0
Unclassified Candidatus Jorgensenbacteria	0	0	0	0	0	0	0	0	0	0	0	10	0	0	0	0	0	8	8	0	0	0	0	0	0	0	0	0	0	0	0	0	0	0	0	6	0	0	0	0	0	0	0
Unclassified Candidatus Kaiserbacteria	98	133	4	24	0	142	16	4	0	0	0	1194	5	9	6	16	0	86	18	2	2	27	3	157	189	134	70	0	0	48	60	0	54	33	28	124	0	26	10	0	72	158	137
Unclassified Candidatus Kapabacteria	0	6	0	8	0	0	0	0	0	0	0	8	0	0	0	6	0	8	0	0	0	0	0	25	2	3	6	0	0	0	14	0	0	0	0	0	0	0	0	0	0	34	0
Unclassified Candidatus Kerfeldbacteria	0	54	0	24	0	8	12	0	0	0	0	0	0	0	0	0	0	18	0	0	0	0	0	0	0	0	28	0	8	24	0	0	4	4	12	27	0	0	0	0	0	0	22
Unclassified Candidatus Komeilibacteria	0	8	8	27	0	0	0	0	0	0	0	0	0	0	0	0	0	0	0	0	0	0	0	0	0	0	6	0	0	0	0	0	1	0	4	0	0	14	0	0	0	0	7
Unclassified Candidatus Krumholzibacteriota	7	82	4	32	0	0	0	0	0	0	0	0	4	6	0	33	0	10	0	0	0	0	0	35	17	48	26	0	21	44	0	0	0	0	0	16	0	0	0	0	199	0	86
Unclassified Candidatus Kryptonia	0	0	0	0	0	0	0	0	0	0	0	0	0	0	0	0	0	0	0	0	0	0	0	0	0	0	0	0	0	0	0	0	0	0	0	0	0	0	0	0	23	0	0
Unclassified Candidatus Kuenenbacteria	0	0	0	0	0	10	0	0	0	0	0	0	0	0	0	0	0	0	0	0	0	0	0	8	0	0	0	0	0	0	0	0	0	0	0	0	0	0	0	0	0	0	0
Unclassified Candidatus Latescibacteria	14	400	14	42	6	4	12	0	26	12	4	10	35	37	29	246	18	92	6	11	6	42	10	9	18	3	332	31	0	36	0	0	53	22	50	380	0	30	0	0	120	30	342
Unclassified Candidatus Levybacteria	144	2750	214	96	35	35	15	4	202	12	401	18	63	41	14	560	55	23	22	19	16	134	58	21	31	13	569	34	32	157	0	0	214	75	27	36	0	0	67	0	0	0	0
Unclassified Candidatus Lindowbacteria	0	0	0	0	0	0	0	0	0	0	0	19	0	0	0	0	0	22	0	0	0	0	0	6	15	3	20	3	0	0	0	0	51	11	5	12	0	0	0	0	0	0	0
Unclassified Candidatus Liptonbacteria	0	0	0	42	0	0	0	0	0	0	0	0	0	0	0	0	0	0	0	0	0	0	0	4	4	0	0	0	0	0	0	0	0	0	0	6	0	0	0	0	0	0	0
Unclassified Candidatus Lloydbacteria	0	0	0	0	0	0	0	0	0	0	0	0	0	0	0	0	0	0	0	0	0	0	0	6	0	2	0	0	0	0	0	0	0	0	0	0	0	0	0	0	9	0	7
Unclassified Candidatus Magasanikbacteria	9	96	2	4	0	4	1	22	0	0	0	10	0	9	0	0	0	0	0	0	0	0	0	3	0	4	38	0	0	0	0	0	8	6	16	14	0	4	6	0	22	49	12
Unclassified Candidatus Margulisbacteria	0	0	0	0	0	0	0	0	0	0	0	0	0	0	0	0	0	0	0	0	0	0	0	4	0	0	46	13	0	0	0	0	0	0	0	0	0	0	0	0	0	0	0
Unclassified Candidatus Marinimicrobia	27	800	105	46	2	33	12	0	193	32	0	20	36	51	32	137	6	8	4	13	16	72	19	165	167	51	153	6	108	82	64	0	245	59	118	1652	32	99	0	0	116	60	313
Unclassified Candidatus Melainabacteria	319	6896	32	57	0	4	10	10	88	0	16	136	4	0	2	0	10	4	2	0	8	32	2	17	5	14	66	0	0	53	6	0	32	12	4	180	0	18	0	5	77	13	61
Unclassified Candidatus Microgenomates	0	56	2	13	0	51	8	0	0	0	0	0	0	0	0	44	0	0	0	0	4	2	2	45	38	22	46	0	0	8	0	6	10	20	7	40	10	0	0	0	16	0	0
Unclassified Candidatus Moranbacteria	103	35864	88	118	0	44	0	0	123	0	0	206	0	4	4	248	0	28	17	3	8	26	16	32	27	6	171	18	12	81	0	12	69	94	61	12	0	34	0	0	79	49	134
Unclassified Candidatus Nealsonbacteria	6	374	26	81	2	0	0	0	0	0	0	34	18	37	10	217	5	14	0	6	16	16	2	218	144	164	222	21	62	55	0	0	63	47	66	291	0	0	0	0	26	34	10
Unclassified Candidatus Niyogibacteria	0	26	6	0	0	0	0	0	0	0	0	0	0	0	0	0	0	0	0	0	0	0	10	12	2	0	0	0	0	0	0	0	0	0	0	0	0	0	0	0	0	0	16
Unclassified Candidatus Nomurabacteria	2	105	6	32	25	17	0	2	0	0	0	86	9	0	0	28	0	8	0	6	0	23	4	13	22	12	95	0	0	74	358	0	30	0	0	21	0	0	0	0	439	929	110
Unclassified Candidatus Omnitrophica	38	409	18	163	0	43	32	12	13	29	51	59	22	40	14	213	18	74	7	29	20	86	19	269	206	231	457	6	22	94	22	19	260	208	243	1242	24	26	0	0	81	111	433
Unclassified Candidatus Pacebacteria	492	516	4	287	0	32	0	4	0	0	0	114	0	0	0	68	0	8	0	2	4	4	0	4	8	0	29	3	0	18	0	0	39	8	0	0	0	0	12	0	8	0	15
Unclassified Candidatus Parcubacteria	110	279	22	21	0	6	0	8	46	0	0	143	33	45	42	106	13	102	22	2	0	42	12	121	81	41	378	0	0	152	50	4	174	65	52	195	0	8	6	0	86	253	39
Unclassified Candidatus Peregrinibacteria	78	289	77	4	0	4	36	0	35	0	15	6	14	12	2	16	0	36	0	0	0	46	22	88	61	39	113	0	0	79	0	6	57	36	82	42	22	12	0	0	18	25	83
Unclassified Candidatus Poribacteria	41	678	22	170	6	0	20	2	0	0	0	20	71	100	25	115	4	38	6	18	44	76	92	160	119	83	424	26	421	383	0	36	253	128	106	736	49	162	2	0	94	32	209
Unclassified Candidatus Portnoybacteria	0	22	0	6	0	0	0	0	0	0	0	0	0	0	0	0	0	0	0	0	0	0	0	0	0	0	36	0	0	0	0	0	0	0	0	15	0	0	0	0	0	30	2
Unclassified Candidatus Raymondbacteria	4	10	0	0	0	0	0	0	0	0	0	0	0	0	0	0	0	0	0	0	0	0	0	0	0	0	0	0	0	0	0	0	0	0	0	6	0	0	0	0	0	0	0
Unclassified Candidatus Riflebacteria	4	76	18	6	0	4	4	4	0	0	0	0	0	0	0	110	0	93	54	0	0	0	0	15	17	0	22	0	0	44	0	0	6	4	0	40	0	8	0	0	38	0	28
Unclassified Candidatus Roizmanbacteria	2	206	24	77	0	8	0	0	0	17	0	97	0	4	2	203	0	0	0	0	0	0	0	7	17	3	50	0	0	107	0	0	23	8	19	6	0	6	4	0	14	18	11
Unclassified Candidatus Rokubacteria	59	1027	59	91	20	62	850	305	0	70	24	177	131	138	48	1274	10	207	13	32	22	108	56	180	144	66	2497	72	178	343	12	17	296	215	144	2688	0	26	10	0	99	39	805
Unclassified Candidatus Ryanbacteria	0	46	0	0	0	0	0	0	0	0	0	8	0	0	0	18	0	0	0	0	0	2	4	0	2	3	20	0	0	8	0	0	0	4	6	0	0	0	0	0	0	0	0
Unclassified Candidatus Saccharibacteria	8408	33664	6638	24474	29	34493	14929	2407	20	21578	234	19080	347	282	250	8067	15	7049	4819	46	79	450	755	1906	3262	477	2238	278	2406	31645	68	441	2780	1100	5845	745	35	584	23707	10	20227	27907	293
Unclassified Candidatus Schekmanbacteria	7	37	0	37	0	6	12	0	8	0	0	6	2	8	2	10	8	12	1	0	0	0	0	28	28	8	63	0	0	10	0	0	18	9	10	137	0	8	0	0	0	0	0
Unclassified Candidatus Shapirobacteria	24	37	0	0	0	8	0	0	0	0	0	0	4	9	3	343	0	6	0	0	0	0	0	6	3	1	0	0	0	4	0	0	0	0	0	0	0	4	2	0	0	18	0
Unclassified Candidatus Spechtbacteria	0	10	0	0	0	10	0	0	0	0	0	0	0	0	0	0	0	0	0	0	0	0	0	0	0	0	0	0	0	0	0	0	0	0	0	0	0	0	0	0	0	0	0
Unclassified Candidatus Staskawiczbacteria	23	33	21	0	2	1	1	6	0	13	9	0	10	18	15	12	19	11	30	23	18	4	26	914	1058	1170	100	416	262	118	0	0	0	0	0	0	727	127	243	0	0	15	0
Unclassified Candidatus Sumerlaeota	208	3553	175	828	39	46	50	34	71	101	16	155	274	328	153	1776	36	451	125	79	116	337	167	804	901	494	2637	177	244	704	20	340	960	289	410	2336	37	102	64	16	4736	763	2792
Unclassified Candidatus Sungbacteria	0	0	0	10	0	0	0	0	0	0	0	16	12	4	2	0	0	0	0	2	4	6	2	0	0	0	28	0	0	8	0	0	22	0	0	0	0	0	0	0	24	0	0
Unclassified Candidatus Tagabacteria	0	0	0	0	0	0	0	0	0	0	0	0	0	0	0	0	0	0	0	0	0	0	0	0	0	0	0	0	0	0	0	0	0	0	0	0	0	0	0	0	0	6	0
Unclassified Candidatus Taylorbacteria	0	0	0	8	0	0	0	0	0	0	0	6	0	0	0	0	0	9	2	0	0	0	0	6	0	0	0	0	0	12	8	0	0	0	0	0	0	0	0	0	0	28	0
Unclassified Candidatus Tectomicrobia	13	592	27	11	0	22	284	2	0	0	82	730	28	16	12	200	0	25	2	0	4	4	0	70	63	22	298	2	90	173	0	0	70	33	99	1720	12	24	6	0	117	6	101
Unclassified Candidatus Terrybacteria	2	50	4	12	0	0	0	0	0	0	0	0	0	0	0	0	0	0	0	0	0	0	0	0	0	0	8	0	0	0	0	0	7	0	0	8	0	8	0	0	0	0	0
Unclassified Candidatus Uhrbacteria	21	390	6	39	0	10	0	0	0	17	0	0	20	20	10	18	0	10	0	0	17	14	4	10	8	16	121	42	0	6	0	0	184	9	10	88	2	8	6	0	38	40	12
Unclassified Candidatus Veblenbacteria	0	7	0	0	0	0	0	0	0	0	0	0	0	0	0	0	0	0	0	0	0	0	0	0	0	0	0	0	0	0	0	0	0	0	0	0	0	0	0	0	0	0	0
Unclassified Candidatus Vogelbacteria	1	72	1	0	0	0	0	0	0	0	0	0	0	0	0	0	0	0	0	0	0	0	0	0	0	0	0	0	0	8	0	0	0	0	0	8	0	0	0	0	0	22	43
Unclassified Candidatus Wallbacteria	0	30	2	0	0	0	0	0	0	0	0	0	0	0	0	0	0	0	0	10	6	17	10	0	0	0	0	4	0	0	0	0	0	0	0	79	0	0	0	0	0	0	0
Unclassified Candidatus Wildermuthbacteria	0	24	0	4	0	0	0	0	0	0	0	0	0	0	0	36	0	0	0	0	0	0	0	0	0	0	6	0	0	0	0	0	0	0	0	0	0	0	0	0	0	0	0
Unclassified Candidatus Wirthbacteria	0	10	0	0	0	0	0	0	0	0	0	0	0	0	0	0	0	0	0	0	2	5	0	0	0	0	0	0	0	3	0	0	0	0	0	0	0	0	0	0	0	0	0
Unclassified Candidatus Woesebacteria	33	370	32	125	4	34	3	0	140	48	4	22	44	83	11	120	6	50	12	4	6	58	6	2	2	2	163	51	82	61	0	13	81	71	62	166	0	0	6	0	392	0	15
Unclassified Candidatus Wolfebacteria	19	53	2	6	0	0	0	0	0	0	0	56	0	4	2	10	0	16	0	0	0	0	0	16	9	6	28	20	0	4	0	0	0	0	0	61	0	0	0	0	0	19	15
Unclassified Candidatus Woykebacteria	0	40	2	0	0	10	0	0	0	0	0	6	0	0	0	41	0	0	0	0	0	0	0	0	0	0	20	0	0	0	0	0	0	0	0	0	0	0	0	0	0	0	0
Unclassified Candidatus Yanofskybacteria	2	79	21	22	2	0	0	10	0	0	0	0	0	0	0	0	0	20	0	9	10	16	12	0	8	0	50	2	0	6	10	0	0	2	8	0	10	0	0	0	0	23	6
Unclassified Candidatus Yonathbacteria	0	13	2	0	0	0	0	0	0	0	0	0	0	0	0	0	0	0	0	0	0	0	0	0	0	0	0	0	18	6	0	0	0	0	0	8	0	0	0	0	0	0	6
Unclassified Candidatus Zambryskibacteria	2	18	2	0	0	0	0	0	0	0	0	0	5	0	2	4	0	0	0	0	0	0	0	29	6	3	18	0	0	4	12	0	30	0	0	0	0	0	0	0	0	13	24
Unclassified Chlamydiae	0	1032	38	1753	8	209	28	64	6	72	0	47	0	9	0	261	0	56	35	4	4	36	10	226	43	19	496	67	427	236	0	14	91	60	65	170	0	25	61	0	32	48	32
Unclassified Chlorobi	106	3074	185	63	2	9	5	18	113	31	65	62	13	24	8	122	0	42	0	12	67	1747	24	119	132	64	105	22	146	95	23	8	164	59	81	485	29	26	0	32	100	116	123
Unclassified Chloroflexi	9280	974508	37368	7789	16802	8838	13383	22394	587	1681	1191	8085	70727	48086	27031	93692	577	16650	4369	9675	6184	33973	9521	45940	37669	18532	670208	16825	112492	154553	658	1445	41185	79607	107687	167954	36622	328	1946	0	242699	3835	213380
Unclassified Cyanobacteria	16125	40370	15508	17683	614	33625	18025	45435	5354	6552	3883	21152	35437	90855	21385	59822	3562	12702	8300	34694	14073	26621	15393	105046	97838	70844	173886	15000	41052	241207	1673	13449	174646	111953	71904	59101	7840	4379	7482	10	11202	7501	15795
Unclassified Deinococcus-Thermus	18	637	31	45	2	52	26	29	0	7	0	20	63	26	6	142	0	95	8	4	6	26	16	75	41	20	66	6	50	124	0	8	146	61	94	252	8	0	0	0	58	68	151
Unclassified Dictyoglomi	0	0	0	0	0	0	0	0	0	12	0	0	0	0	0	10	0	0	0	0	0	0	0	0	0	0	0	0	0	0	0	0	0	0	0	0	0	0	0	64	0	0	0
Unclassified Elusimicrobia	50	455	15	83	84	10	10	0	0	4	0	60	22	26	10	20	0	36	10	6	2	58	11	34	39	10	367	0	146	51	24	0	36	45	39	243	26	0	6	0	1860	609	3020
Unclassified Fibrobacteres	51	600	36	6	2	22	19	0	0	105	0	4	12	13	10	176	8	16	4	6	0	14	10	6	19	6	124	9	0	22	0	0	53	19	35	136	0	26	6	0	20	12	44
Unclassified Firmicutes	17708	85947	18087	189583	706	3836158	64559	611076	47478	75807	113556	275969	4487	8603	3055	330653	24687	22535	572986	15961	18938	63582	71780	728049	672533	256369	207629	175417	75711	2533277	206919	15214	72157	51597	101968	1038308	57022	5424	11580	397403	906619	358292	1402766
Unclassified Fusobacteria	9	51106	36	7943	0	1371	95	415	0	103	34	85	8	21	2	162	27	21	95	8	14	148	139	28	33	2	99	221	0	23	1	0	194	51	1128	86	71	2260	8	114	3973	48250	10117
Unclassified Gemmatimonadetes	1955	85679	3059	3609	980	4610	1116	206	0	193	129	544	14777	14932	6486	99605	115	8409	726	3301	3612	11376	4297	35253	25801	17998	23524	3750	10291	10731	0	1682	50608	25571	7521	3408	87	257	144	0	977	1390	6602
Unclassified Ignavibacteriae	52	720	248	336	13	75	24	23	241	375	0	50	123	117	108	356	2	333	65	104	163	248	125	462	433	275	1310	91	162	377	14	103	459	109	117	308	120	83	19	0	30	401	909
Unclassified Kiritimatiellaeota	93	2151	130	98	10	14	0	0	97	0	0	20	283	167	305	153	6	2	0	10	23	30	18	175	85	24	155	0	20	60	0	0	83	51	247	582	0	1249	0	0	57	55	4077
Unclassified Lentisphaerae	86	1203	66	191	2	641	16	38	47	11	0	74	51	53	22	549	2	54	2	0	4	18	12	201	136	110	479	6	36	281	42	6	898	261	1095	585	8	102	13	0	8200	2564	13278
Unclassified Nitrospinae	12	327	19	52	10	6	1309	0	0	0	0	22	128	114	30	88	0	64	13	7	17	33	20	79	39	32	194	0	0	132	40	10	91	65	52	524	26	32	0	0	124	0	70
Unclassified Nitrospirae	189	4307	304	279	260	49	50	56	38	26	67	307	1368	1345	637	2876	32	1509	209	254	171	1681	573	1390	1042	734	15554	260	339	774	24225	100	3437	2616	1398	3701	274	80	16	19	77	679	2843
Unclassified Planctomycetes	4795	308687	11983	71999	2700	5542	3200	1463	222	1877	4925	27667	32832	25040	19759	129679	21133	10967	1298	3772	3324	18960	5462	103041	75502	50465	347624	10075	124589	279876	7085	8107	74975	78485	85889	400188	467	5750	3306	70	1717269	38898	324883
Unclassified Proteobacteria	183253	1238259	178167	295080	35474	126418	80987	51623	156639	228007	140981	288140	262132	264192	116887	713869	176264	600122	219948	65426	93478	170372	108056	904973	658942	343655	2139407	157596	164381	780567	2148163	129675	849238	361278	562546	2390311	90327	95942	100529	11836	893677	974213	1299945
Unclassified Rhodothermaeota	3	173	0	0	8	0	0	0	0	8	0	0	26	23	16	50	11	6	0	12	8	31	22	19	2	3	161	3	0	16	8	0	24	10	19	51	0	0	0	0	0	82	33
Unclassified Spirochaetes	2235	64184	3424	1354	15	990	272	349	9354	1511	49	610	186	212	58	868	18	44	236	1383	4628	429	22286	176907	137201	26540	3939	117	96	268	76	85	30951	8545	14669	2256	127	343	43	8866	517961	161960	854953
Unclassified Synergistetes	0	26	2	58	0	20	6	10	58	0	0	0	0	0	0	97	0	23	16	2	2	0	2	0	0	0	143	25	0	0	0	0	12	0	24	27	15	26	0	0	0	0	0
Unclassified Tenericutes	277	1298	140	89874	0	455414	108422	66387	1844	42790	432	11699	513	1419	288	2798	72	271	255	86	206	329	3041	9212	7311	2333	25437	535	20	1417	1404834	234098	168961	166127	87547	1686	16671	51	788803	753	1116171	458919	2922695
Unclassified Verrucomicrobia	2005	109488	7398	116087	2816	5592	5060	546	144	2154	481	27946	8195	7088	2806	40904	266	4467	458	2238	1208	10452	2946	23197	14797	10985	188601	4146	9236	13283	2537	3369	17968	12430	12564	69791	581	2080	234	4	4111	1995	8699
unidentified bacterial (no class in NCBI)	4	42	2	0	2	0	0	0	8	0	0	0	0	0	0	0	0	0	0	0	1	4	12	5	3	4	0	0	0	10	0	0	18	23	18	0	0	4	4	0	0	0	0
Vampirovibrionales (no class in NCBI)	0	0	0	0	0	38	2	18	0	0	0	0	0	0	0	40	0	0	0	0	0	16	0	2	2	1	16	0	0	0	24	0	0	0	0	0	0	0	0	0	0	0	0
Verrucomicrobia bacterium (no class in NCBI)	8	651	45	907	17	118	1805	69	0	26	0	290	67	66	17	114	0	93	11	8	10	41	14	95	70	31	2558	16	370	155	0	12	92	68	83	888	0	223	0	0	117	8	8
Verrucomicrobiae	720	29717	2201	129951	241	1617	860	137	46	1482	555	15509	2973	2851	940	123277	121	1904	353	329	436	2216	784	49733	33910	25754	171226	5265	9766	15321	8655	10591	19449	10217	17185	301495	251	1457	223	0	11647	1776	4663
Vicinamibacteria	18	196	8	3320	8	13	47	6	0	124	6	950	46	71	26	39	4	112	2	0	4	32	12	24	9	16	18827	56	0	32	0	0	69	76	29	283	0	0	0	0	0	2	196
Zetaproteobacteria	743	355	736	852	1244	31	66	95	1478	152	446	2368	2891	2656	4600	138	1124	1954	1911	2295	2035	1924	2087	6678	6037	4872	1256	1589	50	116	23	89	4478	3896	5134	1350	20564	2405	2296	0	89	16	13
